membership:sample_set_id	sample
COHORT_AA	AA33-Normal-SM-D4L4D
COHORT_AA	AA34-Tumor-SM-D4L25
COHORT_AA	AA36-Tumor-SM-D4L2H
COHORT_AA	AA39-Tumor-SM-D4L3Q
COHORT_AA	AA40-Tumor-SM-D4L42
COHORT_AA	AA24-Tumor-SM-DHZ8W
COHORT_AA	AA25-Tumor-SM-DHZ99
COHORT_AA	AA33-Normal-SM-DHZ9L
COHORT_AA	AA33-Tumor-SM-DHZ9X
COHORT_AA	AA38-Tumor-SM-DHZ98
COHORT_AA	AA39-Tumor-SM-DHZAA
COHORT_AA	AA40-Tumor-SM-DHZ7W
COHORT_AA	AA42-Tumor-SM-DHZ9W
COHORT_AA	AA43-Tumor-SM-DHZ8K
COHORT_AA	AA44-Normal-SM-DHZ88
COHORT_AA	AA45-Tumor-SM-DHZ9K
COHORT_AA	AA46-Tumor-SM-DHZA9
COHORT_AA	AA47-Tumor-SM-DHZ7V
COHORT_AA	AA38-Tumor-SM-E7S17
COHORT_AA	AA42-Tumor-SM-E7S2I
COHORT_AA	AA45-Tumor-SM-E7RZ5
COHORT_AA	AA47-Tumor-SM-E7S1J
COHORT_AA	AA49-Tumor-SM-E7S1V
COHORT_AA	AA49-Tumor-SM-EUVFI
COHORT_AA	AA53-Tumor-SM-EUVFU
COHORT_AA	AA55-Tumor-SM-EUVGJ
COHORT_AA	AA56-Tumor-SM-EUVGH
COHORT_AA	AA59-Tumor-SM-EUVH6
COHORT_AA	AA66-Tumor-SM-F29RQ
COHORT_AA	CCLF_AA1003-Tumor-SM-F29RS
COHORT_AA	CCLF_AA1005-Tumor-SM-F29RT
COHORT_AA	CCLF_AA1008-Tumor-SM-F29RU
COHORT_AA	AA40-Tumor-SM-F67ES
COHORT_AA	AA44-Normal-SM-F67ET
COHORT_AA	AA55-Tumor-SM-F67F6
COHORT_AA	AA59-Tumor-SM-F67FV
COHORT_AA	CCLF_AA1012-Tumor-SM-F67DF
COHORT_AA	CCLF_AA1015-Tumor-SM-F67F7
COHORT_AA	CCLF_AA1016-Tumor-SM-F67FJ
COHORT_AA	CCLF_AA1017-Tumor-SM-F67EI
COHORT_AA	AA53-Tumor-SM-GBJ9E
COHORT_AA	AA55-Tumor-SM-GBJBF
COHORT_AA	AA56-Tumor-SM-GBJ92
COHORT_AA	CCLF_AA1016-Tumor-SM-GBJAG
COHORT_AA	CCLF_AA1019-Tumor-SM-GBJ91
COHORT_AA	CCLF_AA1022-Tumor-SM-GBJ9T
COHORT_AA	CCLF_AA1023-Tumor-SM-GBJ9H
COHORT_AA	CCLF_AA1024-Tumor-SM-GBJ93
COHORT_AA	CCLF_AA1026-Tumor-SM-GBJ9N
COHORT_AA	AA53-Tumor-SM-GBJAU
COHORT_AA	AA53-Tumor-SM-GL7LQ
COHORT_AA	AA61-Tumor-SM-GL7LF
COHORT_AA	CCLF_AA1005-Tumor-SM-GL7NT
COHORT_AA	CCLF_AA1005-Tumor-SM-GL7LE
COHORT_AA	CCLF_AA1024-Tumor-SM-GL7LL
COHORT_AA	CCLF_AA1001-Tumor-SM-GL7N2
COHORT_AA	CCLF_AA1038-Tumor-SM-GL7NJ
COHORT_AA	CCLF_AA1040-Tumor-SM-GL7MW
COHORT_AB	AB044-Tumor-SM-D4L2M
COHORT_AB	AB035-Tumor-SM-DB3R5
COHORT_AB	AB055-Tumor-SM-DB2IN
COHORT_AB	AB056-Normal-SM-DB2JM
COHORT_AB	AB056-Tumor-SM-DB2JY
COHORT_AB	AB057-Tumor-SM-DB3R2
COHORT_AB	AB058-Tumor-SM-DHZ6B
COHORT_AB	AB053-Tumor-SM-DNUMO
COHORT_AB	AB053-Tumor-SM-E7S1O
COHORT_AB	AB053-Tumor-SM-E7S1C
COHORT_AB	AB058-Tumor-SM-E7RZU
COHORT_AB	AB059-Tumor-SM-EUVGV
COHORT_AB	CCLF_AB1008-Tumor-SM-EUVHO
COHORT_AB	AB053-Tumor-SM-F29RR
COHORT_AB	CCLF_AB1008-Tumor-SM-F29RV
COHORT_AB	CCLF_AB1012-Tumor-SM-F67ED
COHORT_AB	CCLF_AB1014-Tumor-SM-F67DS
COHORT_AB	CCLF_AB1015-Tumor-SM-F67E5
COHORT_AB	CCLF_AB1017-Tumor-SM-F67EU
COHORT_AB	AB059-Tumor-SM-GBJAS
COHORT_AB	AB059-Tumor-SM-GBJ9G
COHORT_AB	CCLF_AB1021-Tumor-SM-GBJ9P
COHORT_AB	CCLF_AB1022-Tumor-SM-GBJAQ
COHORT_AB	CCLF_AB1025-Tumor-SM-GBJBH
COHORT_AB	CCLF_AB1026-Tumor-SM-GBJ96
COHORT_AB	CCLF_AB1004-Tumor-SM-GL7M3
COHORT_AB	CCLF_AB1013-Tumor-SM-GL7MQ
COHORT_AB	CCLF_AB1016-Tumor-SM-GL7LD
COHORT_AB	CCLF_AB1017-Tumor-SM-GL7MG
COHORT_AB	CCLF_AB1018-Tumor-SM-GL7NF
COHORT_AB	CCLF_AB1027-Tumor-SM-GL7LO
COHORT_AB	CCLF_AB1028-Tumor-SM-GL7NV
COHORT_AB	CCLF_AB1027-Tumor-SM-GL7LI
COHORT_AB	CCLF_AB1030-Tumor-SM-GL7LV
COHORT_AB	CCLF_AB1031-Tumor-SM-GL7M8
COHORT_AB	CCLF_AB1032-Tumor-SM-GL7NW
COHORT_BT	BT1008-Tumor-SM-D4L45
COHORT_BT	BT922-Tumor-SM-D4L1W
COHORT_BT	BT923-Tumor-SM-D4L3W
COHORT_BT	BT950-Tumor-SM-D4L48
COHORT_BT	BT961-Tumor-SM-D4L3C
COHORT_BT	BT972-Tumor-SM-D4L3Y
COHORT_BT	BT1009-Tumor-SM-DB2HZ
COHORT_BT	BT1010-Tumor-SM-DB2K1
COHORT_BT	BT1011-Tumor-SM-DB2HX
COHORT_BT	BT1012-Tumor-SM-DB2IA
COHORT_BT	BT1015-Tumor-SM-DB2IM
COHORT_BT	BT1016-Tumor-SM-DB2IY
COHORT_BT	BT1018-Tumor-SM-DB2IX
COHORT_BT	BT1019-Tumor-SM-DB2JB
COHORT_BT	BT1022-Tumor-SM-DB2JE
COHORT_BT	BT1023-Tumor-SM-DB2J2
COHORT_BT	BT924-Tumor-SM-DB2JA
COHORT_BT	BT924-Tumor-SM-DB2ID
COHORT_BT	BT953-Tumor-SM-DB2K2
COHORT_BT	BT961-Tumor-SM-DB2I9
COHORT_BT	BT987-Tumor-SM-DB2IL
COHORT_BT	BT1008-Tumor-SM-DHZ75
COHORT_BT	BT1008-Tumor-SM-DHZ5R
COHORT_BT	BT1009-Tumor-SM-DHZ7D
COHORT_BT	BT1009-Tumor-SM-DHZ71
COHORT_BT	BT1011-Tumor-SM-DHZ5F
COHORT_BT	BT1012-Tumor-SM-DHZ95
COHORT_BT	BT1019-Tumor-SM-DHZ6G
COHORT_BT	BT1019-Tumor-SM-DHZ5S
COHORT_BT	BT1033-Tumor-SM-DHZ7C
COHORT_BT	BT1035-Tumor-SM-DHZ4Y
COHORT_BT	BT1037-Tumor-SM-DHZ5B
COHORT_BT	BT1038-Tumor-SM-DHZ5N
COHORT_BT	BT1042-Tumor-SM-DHZ64
COHORT_BT	BT1044-Tumor-SM-DHZ52
COHORT_BT	BT952-Tumor-SM-DHZ5A
COHORT_BT	BT987-Tumor-SM-DHZ7B
COHORT_BT	BT987-Tumor-SM-DHZ5G
COHORT_BT	BT990-Tumor-SM-DHZ6Z
COHORT_BT	BT992-Tumor-SM-DHZ7H
COHORT_BT	CCLF_KL1001-Tumor-SM-DHZ7G
COHORT_BT	CCLF_KL1002-Tumor-SM-DHZ5E
COHORT_BT	BT1011-Tumor-SM-DNUNI
COHORT_BT	BT1015-Tumor-SM-DNULF
COHORT_BT	BT1018-Tumor-SM-DNULG
COHORT_BT	BT1037-Tumor-SM-DNUNG
COHORT_BT	BT1038-Tumor-SM-DNUMR
COHORT_BT	BT954-Tumor-SM-DO3CX
COHORT_BT	BT970-Tumor-SM-DNUM8
COHORT_BT	BT990-Tumor-SM-DO3D1
COHORT_BT	BT1038-Tumor-SM-E7S2P
COHORT_BT	BT970-Tumor-SM-E7RZC
COHORT_BT	CCLF_KL1014-Tumor-SM-E7RZV
COHORT_BT	CCLF_Kl1015-Tumor-SM-E7S18
COHORT_BT	CCLF_Kl1016-Tumor-SM-E7S1K
COHORT_BT	CCLF_KL1017-Tumor-SM-E7S1W
COHORT_BT	CCLF_KL1019-Tumor-SM-E7S29
COHORT_BT	CCLF_KL1020-Tumor-SM-E7S2L
COHORT_BT	CCLF_KL1021-Tumor-SM-E7RZ8
COHORT_BT	CCLF_KL1022-Tumor-SM-E7RZK
COHORT_BT	CCLF_KL1023-Tumor-SM-E7RZW
COHORT_BT	CCLF_KL1024-Tumor-SM-E7S19
COHORT_BT	CCLF_KL1025-Tumor-SM-E7S1L
COHORT_BT	BT1009-Tumor-SM-EUVFS
COHORT_BT	BT1016-Tumor-SM-EUVG5
COHORT_BT	CCLF_KL1020-Tumor-SM-EUVHV
COHORT_BT	CCLF_KL1026-Tumor-SM-EUVHA
COHORT_BT	CCLF_KL1029-Tumor-SM-EUVH9
COHORT_BT	CCLF_KL1030-Tumor-SM-EUVG9
COHORT_BT	CCLF_KL1031-Tumor-SM-EUVHY
COHORT_BT	CCLF_KL1032-Tumor-SM-EUVFL
COHORT_BT	CCLF_KL1034-Tumor-SM-EUVGW
COHORT_BT	CCLF_KL1035-Tumor-SM-EUVGX
COHORT_BT	CCLF_KL1037-Tumor-SM-EUVHM
COHORT_BT	CCLF_KL1040-Tumor-SM-EUVFM
COHORT_BT	CCLF_KL1041-Tumor-SM-EUVGB
COHORT_BT	CCLF_KL1053-Tumor-SM-EUVGZ
COHORT_BT	CCLF_KL1006-Tumor-SM-F29RY
COHORT_BT	CCLF_KL1017-Tumor-SM-F29S1
COHORT_BT	CCLF_KL1017-Tumor-SM-F29RZ
COHORT_BT	BT630-Tumor-SM-F67DI
COHORT_BT	BT658-Tumor-SM-F67EQ
COHORT_BT	BT658-Tumor-SM-F67DJ
COHORT_BT	BT659-Tumor-SM-F67F3
COHORT_BT	BT659-Tumor-SM-F67FZ
COHORT_BT	BT671-Tumor-SM-F67ER
COHORT_BT	BT671-Tumor-SM-F67EB
COHORT_BT	BT680-Tumor-SM-F67FG
COHORT_BT	BT680-Tumor-SM-F67FO
COHORT_BT	BT682-Tumor-SM-F67FS
COHORT_BT	BT722-Tumor-SM-F67DN
COHORT_BT	BT758-Tumor-SM-F67FE
COHORT_BT	BT759-Tumor-SM-F67FQ
COHORT_BT	BT785-Tumor-SM-F67E2
COHORT_BT	BT841-Tumor-SM-F67EE
COHORT_BT	CCLF_KL1014-Tumor-SM-F67FD
COHORT_BT	CCLF_KL1058-Tumor-SM-F67FR
COHORT_BT	CCLF_KL1058-Tumor-SM-F67FT
COHORT_BT	BT1016-Tumor-SM-GBJ9Q
COHORT_BT	BT1160-Tumor-SM-GBJBE
COHORT_BT	BT1160-Tumor-SM-GBJ9C
COHORT_BT	BT869-Tumor-SM-GBJ9O
COHORT_BT	CCLF_KL1068-Tumor-SM-GBJBJ
COHORT_BT	CCLF_KL1073-Tumor-SM-GBJBG
COHORT_BT	CCLF_KL1075-Tumor-SM-GBJAR
COHORT_BT	CCLF_KL1076-Tumor-SM-GBJB5
COHORT_BT	CCLF_KL1077-Tumor-SM-GBJB7
COHORT_BT	CCLF_KL1100-Tumor-SM-GBJ9U
COHORT_BT	CCLF_KL1101-Tumor-SM-GBJ9I
COHORT_BT	SUDIPGIV-Tumor-SM-GBJB2
COHORT_BT	SUDIPGXIII-Tumor-SM-GBJA1
COHORT_BT	SUDIPGXVII-Tumor-SM-GBJAD
COHORT_BT	SUDIPGXXV-Tumor-SM-GBJAP
COHORT_BT	CCLF_KL1023-Tumor-SM-GL7LG
COHORT_BT	CCLF_KL1051-Tumor-SM-GL7NR
COHORT_BT	CCLF_KL1051-Tumor-SM-GL7NH
COHORT_BT	CCLF_KL1058-Tumor-SM-GL7NK
COHORT_BT	CCLF_KL1073-Tumor-SM-GL7LP
COHORT_BT	CCLF_KL1075-Tumor-SM-GL7MF
COHORT_BT	CCLF_KL1076-Tumor-SM-GL7M7
COHORT_BT	CCLF_KL1077-Tumor-SM-GL7N3
COHORT_BT	CCLF_KL1082-Tumor-SM-GL7NP
COHORT_BT	CCLF_KL1089-Tumor-SM-GL7MU
COHORT_BT	CCLF_KL1091-Tumor-SM-GL7MP
COHORT_BT	CCLF_KL1094-Tumor-SM-GL7MR
COHORT_BT	CCLF_KL1094-Tumor-SM-GL7M6
COHORT_BT	CCLF_KL1095-Tumor-SM-GL7MS
COHORT_BT	CCLF_KL1097-Tumor-SM-GL7M4
COHORT_BT	CCLF_KL1103-Tumor-SM-GL7N8
COHORT_BT	CCLF_KL1104-Tumor-SM-GL7MV
COHORT_BT	CCLF_KL1107-Tumor-SM-GL7N9
COHORT_BT	CCLF_KL1112-Tumor-SM-GL7MJ
COHORT_BT	CCLF_KL1113-Tumor-SM-GL7NE
COHORT_BT	CCLF_KL1115-Tumor-SM-GL7LU
COHORT_BT	CCLF_KL1117-Tumor-SM-GL7MO
COHORT_BT	CCLF_KL1119-Tumor-SM-GL7N1
COHORT_BT	CCLF_KL1120-Tumor-SM-GL7MI
COHORT_BT	CCLF_KL1121-Tumor-SM-GL7O2
COHORT_BT	CCLF_KL1122-Tumor-SM-GL7N7
COHORT_BT	CCLF_KL1124-Tumor-SM-GL7ND
COHORT_CCLF_RCRF	RCRF002-Tumor-SM-DB2IH
COHORT_CCLF_RCRF	RCRF003-Tumor-SM-DB2KI
COHORT_CCLF_RCRF	CCLF_RCRF004-Normal-SM-DHZ5M
COHORT_CCLF_RCRF	CCLF_RCRF004-Tumor-SM-DHZ5Y
COHORT_CCLF_RCRF	CCLF_RCRF004-Tumor-SM-DNULL
COHORT_CCLF_RCRF	CCLF_RCRF004-Tumor-SM-DNUMY
COHORT_CCLF_RCRF	CCLF_RCRF004-Tumor-SM-DNUMA
COHORT_CCLF_RCRF	CCLF_RCRF004-Tumor-SM-DNUMM
COHORT_CCLF_RCRF	CCLF_RCRF004-Tumor-SM-DNULX
COHORT_CCLF_RCRF	CCLF_RCRF1005-Normal-SM-DNUL8
COHORT_CCLF_RCRF	CCLF_RCRF1005-Tumor-SM-DNUNL
COHORT_CCLF_RCRF	CCLF_RCRF1007-Normal-SM-E7S1M
COHORT_CCLF_RCRF	CCLF_RCRF1007-Tumor-SM-E7S1Y
COHORT_CCLF_RCRF	CCLF_RCRF1006-Tumor-SM-EUVGA
COHORT_CCLF_RCRF	CCLF_RCRF1008-Tumor-SM-EUVFN
COHORT_CCLF_RCRF	CCLF_RCRF1009-Normal-SM-F67FU
COHORT_CCLF_RCRF	CCLF_RCRF1009-Tumor-SM-F67FI
COHORT_CCLF_RCRF	CCLF_RCRF1009-Tumor-SM-GBJBA
COHORT_CCLF_RCRF	CCLF_RCRF1009-Tumor-SM-GBJ99
COHORT_CCLF_RCRF	CCLF_RCRF1009-Tumor-SM-GBJAA
COHORT_CCLF_RCRF	CCLF_RCRF1009-Tumor-SM-GBJBM
COHORT_CCLF_RCRF	CCLF_RCRF1009-Tumor-SM-GBJAY
COHORT_CCLF_RCRF	CCLF_RCRF1009-Tumor-SM-GBJAM
COHORT_CCLF_RCRF	CCLF_RCRF1009-Tumor-SM-GBJ9L
COHORT_CCLF_RCRF	CCLF_RCRF1009-Tumor-SM-GBJ9X
COHORT_CCLF_RCRF	CCLF_RCRF1010-Tumor-SM-GBJB3
COHORT_CCLF_RCRF	CCLF_RCRF1010-Tumor-SM-GBJBB
COHORT_CCLF_RCRF	CCLF_RCRF1010-Tumor-SM-GBJ9A
COHORT_CCLF_RCRF	CCLF_RCRF1010-Tumor-SM-GBJBN
COHORT_CCLF_RCRF	CCLF_RCRF1011-Normal-SM-GBJBC
COHORT_CCLF_RCRF	CCLF_RCRF1011-Tumor-SM-GBJAZ
COHORT_CCLF_RCRF	CCLF_RCRF1012-Normal-SM-GBJAN
COHORT_CCLF_RCRF	CCLF_RCRF1012-Tumor-SM-GBJAB
COHORT_CCLF_RCRF	CCLF_RCRF1014-Normal-SM-GBJ94
COHORT_CCLF_RCRF	CCLF_RCRF1014-Tumor-SM-GBJAH
COHORT_CCLF_RCRF	CCLF_RCRF1015-Normal-SM-GBJ9Z
COHORT_CCLF_RCRF	CCLF_RCRF1015-Tumor-SM-GBJ9S
COHORT_CCLF_RCRF	CCLF_RCRF1016-Normal-SM-GBJBK
COHORT_CCLF_RCRF	CCLF_RCRF1016-Tumor-SM-GBJB8
COHORT_CCLF_RCRF	CCLF_RCRF1017-Normal-SM-GBJAJ
COHORT_CCLF_RCRF	CCLF_RCRF1017-Tumor-SM-GBJA7
COHORT_CCLF_RCRF	CCLF_RCRF1010-Tumor-SM-GL7MX
COHORT_CCLF_RCRF	CCLF_RCRF1010-Tumor-SM-GL7NA
COHORT_CCLF_RCRF	CCLF_RCRF1012-Tumor-SM-GL7MH
COHORT_CCLF_RCRF	CCLF_RCRF1013-Tumor-SM-GL7LW
COHORT_CCLF_RCRF	CCLF_RCRF1013-Tumor-SM-GL7M1
COHORT_CCLF_RCRF	CCLF_RCRF1013-Tumor-SM-GL7ML
COHORT_CCLF_RCRF	CCLF_RCRF1013-Tumor-SM-GL7M9
COHORT_CCLF_RCRF	CCLF_RCRF1014-Tumor-SM-GL7NI
COHORT_CCLF_RCRF	CCLF_RCRF1014-Tumor-SM-GL7LJ
COHORT_CCLF_RCRF	CCLF_RCRF1015-Tumor-SM-GL7N5
COHORT_CCLF_RCRF	CCLF_RCRF1015-Tumor-SM-GL7N6
COHORT_CCLF_RCRF	CCLF_RCRF1015-Tumor-SM-GL7LS
COHORT_CCLF_RCRF	CCLF_RCRF1018-Normal-SM-GL7LT
COHORT_CCLF_RCRF	CCLF_RCRF1018-Tumor-SM-GL7LH
COHORT_CCLF_RCRF	CCLF_RCRF1014-Tumor-SM-GL7MT
COHORT_CO	CO001-Tumor-SM-D4L3V
COHORT_CO	CO002-Tumor-SM-D4L47
COHORT_CO	CO003-Tumor-SM-D4L1Y
COHORT_CO	CO004-Tumor-SM-D4L3B
COHORT_CO	CO005-Tumor-SM-D4L2P
COHORT_CO	CO006-Tumor-SM-D4L7Q
COHORT_CO	CO007-Tumor-SM-D4L49
COHORT_CO	CO001-Tumor-SM-DB2JH
COHORT_CO	CO002-Tumor-SM-DB2KH
COHORT_CO	CO003-Tumor-SM-DB2J5
COHORT_CO	CO005-Tumor-SM-DB2IS
COHORT_CO	CO007-Tumor-SM-DB2IG
COHORT_CO	CO008-Tumor-SM-DB2I4
COHORT_CO	CO008-Tumor-SM-DB3R8
COHORT_CO	CO001-Tumor-SM-DNUN1
COHORT_CO	CO002-Tumor-SM-DNUND
COHORT_CO	CO003-Tumor-SM-DNUNP
COHORT_CO	CO004-Tumor-SM-DNULC
COHORT_CO	CO005-Tumor-SM-DNULO
COHORT_CO	CO006-Tumor-SM-DNUM1
COHORT_CO	CO007-Tumor-SM-DNUMD
COHORT_CO	CO008-Tumor-SM-DNUMP
COHORT_CO	CO001-Tumor-SM-E7RZZ
COHORT_CO	CO004-Tumor-SM-E7RZO
COHORT_CO	CO006-Tumor-SM-E7S2O
COHORT_CO	CO006-Tumor-SM-E7S2C
COHORT_CO	CO007-Tumor-SM-E7RZN
COHORT_CO	CO007-Tumor-SM-E7RZB
COHORT_COLO	COLO001-Tumor-SM-EUVGL
COHORT_COLO	COLO002-Tumor-SM-EUVGK
COHORT_COLO	COLO006-Tumor-SM-EUVHN
COHORT_COLO	COLO007-Tumor-SM-EUVGE
COHORT_COLO	COLO007-Tumor-SM-EUVGQ
COHORT_COLO	COLO007-Tumor-SM-EUVGY
COHORT_COLO	COLO008-Tumor-SM-EUVFY
COHORT_COLO	COLO008-Tumor-SM-F67E3
COHORT_COLO	COLO008-Tumor-SM-F67F1
COHORT_COLO	COL016-Tumor-SM-GBJ9B
COHORT_COLO	COL016-Tumor-SM-GBJBO
COHORT_CSHL_PDAC	CSHL_PDAC_1-Tumor-SM-F29T4
COHORT_CSHL_PDAC	CSHL_PDAC_10-Tumor-SM-F29TD
COHORT_CSHL_PDAC	CSHL_PDAC_11-Tumor-SM-F29TE
COHORT_CSHL_PDAC	CSHL_PDAC_12-Tumor-SM-F29TF
COHORT_CSHL_PDAC	CSHL_PDAC_13-Tumor-SM-F29TG
COHORT_CSHL_PDAC	CSHL_PDAC_14-Tumor-SM-F29TH
COHORT_CSHL_PDAC	CSHL_PDAC_15-Tumor-SM-F29TI
COHORT_CSHL_PDAC	CSHL_PDAC_16-Tumor-SM-F29TJ
COHORT_CSHL_PDAC	CSHL_PDAC_17-Tumor-SM-F29TK
COHORT_CSHL_PDAC	CSHL_PDAC_18-Tumor-SM-F29TL
COHORT_CSHL_PDAC	CSHL_PDAC_19-Tumor-SM-F29TM
COHORT_CSHL_PDAC	CSHL_PDAC_2-Tumor-SM-F29T5
COHORT_CSHL_PDAC	CSHL_PDAC_20-Tumor-SM-F29TN
COHORT_CSHL_PDAC	CSHL_PDAC_21-Tumor-SM-F29TO
COHORT_CSHL_PDAC	CSHL_PDAC_22-Tumor-SM-F29TP
COHORT_CSHL_PDAC	CSHL_PDAC_23-Tumor-SM-F29TQ
COHORT_CSHL_PDAC	CSHL_PDAC_24-Tumor-SM-F29TR
COHORT_CSHL_PDAC	CSHL_PDAC_25-Tumor-SM-F29TS
COHORT_CSHL_PDAC	CSHL_PDAC_26-Tumor-SM-F29TT
COHORT_CSHL_PDAC	CSHL_PDAC_27-Tumor-SM-F29TU
COHORT_CSHL_PDAC	CSHL_PDAC_28-Tumor-SM-F29TV
COHORT_CSHL_PDAC	CSHL_PDAC_29-Tumor-SM-F29TW
COHORT_CSHL_PDAC	CSHL_PDAC_3-Tumor-SM-F29T6
COHORT_CSHL_PDAC	CSHL_PDAC_30-Tumor-SM-F29TX
COHORT_CSHL_PDAC	CSHL_PDAC_31-Tumor-SM-F29TZ
COHORT_CSHL_PDAC	CSHL_PDAC_32-Tumor-SM-F29U1
COHORT_CSHL_PDAC	CSHL_PDAC_33-Tumor-SM-F29U2
COHORT_CSHL_PDAC	CSHL_PDAC_34-Tumor-SM-F29U3
COHORT_CSHL_PDAC	CSHL_PDAC_34-Tumor-SM-F29U4
COHORT_CSHL_PDAC	CSHL_PDAC_35-Tumor-SM-F29U5
COHORT_CSHL_PDAC	CSHL_PDAC_36-Tumor-SM-F29U6
COHORT_CSHL_PDAC	CSHL_PDAC_36-Tumor-SM-F29U7
COHORT_CSHL_PDAC	CSHL_PDAC_36-Tumor-SM-F29U8
COHORT_CSHL_PDAC	CSHL_PDAC_37-Tumor-SM-F29U9
COHORT_CSHL_PDAC	CSHL_PDAC_38-Tumor-SM-F29UA
COHORT_CSHL_PDAC	CSHL_PDAC_38-Tumor-SM-F29UB
COHORT_CSHL_PDAC	CSHL_PDAC_38-Tumor-SM-F29UC
COHORT_CSHL_PDAC	CSHL_PDAC_38-Tumor-SM-F29UD
COHORT_CSHL_PDAC	CSHL_PDAC_39-Tumor-SM-F29UE
COHORT_CSHL_PDAC	CSHL_PDAC_4-Tumor-SM-F29T7
COHORT_CSHL_PDAC	CSHL_PDAC_40-Tumor-SM-F29UF
COHORT_CSHL_PDAC	CSHL_PDAC_5-Tumor-SM-F29T8
COHORT_CSHL_PDAC	CSHL_PDAC_5-Tumor-SM-F29TY
COHORT_CSHL_PDAC	CSHL_PDAC_6-Tumor-SM-F29T9
COHORT_CSHL_PDAC	CSHL_PDAC_7-Tumor-SM-F29TA
COHORT_CSHL_PDAC	CSHL_PDAC_8-Tumor-SM-F29TB
COHORT_CSHL_PDAC	CSHL_PDAC_9-Tumor-SM-F29TC
COHORT_CY	CY004-Tumor-SM-D4L3I
COHORT_CY	CY007-Tumor-SM-D4L2V
COHORT_CY	CY010-Tumor-SM-D4L2Z
COHORT_CY	CY011-Tumor-SM-DB2IB
COHORT_CY	CY002-Tumor-SM-DHZ5D
COHORT_CY	CY004-Tumor-SM-DHZ73
COHORT_CY	CY006-Tumor-SM-DHZ62
COHORT_CY	CY010-Tumor-SM-DNUN9
COHORT_CY	CY010-Tumor-SM-DNUMW
COHORT_CY	CY010-Tumor-SM-DNUMF
COHORT_CY	CY011-Tumor-SM-DNULH
COHORT_CY	CY011-Tumor-SM-DNUM6
COHORT_CY	CY011-Tumor-SM-DNUMJ
COHORT_CY	CY012-Tumor-SM-EUVHZ
COHORT_CY	CY014-Tumor-SM-EUVFP
COHORT_CY	CY012-Tumor-SM-F29SQ
COHORT_CY	CY013-Tumor-SM-F29SR
COHORT_CY	CY015-Tumor-SM-F29ST
COHORT_CY	CY015-Tumor-SM-F29SS
COHORT_CY	CY012-Tumor-SM-F67E4
COHORT_CY	CY012-Tumor-SM-F67F2
COHORT_CY	CY014-Tumor-SM-F67FH
COHORT_CY	CY014-Tumor-SM-F67DR
COHORT_CY	CY016-Tumor-SM-F67F5
COHORT_CY	CY017-Tumor-SM-F67EG
COHORT_CY	CY013-Tumor-SM-GBJBD
COHORT_CY	CY016-Tumor-SM-GBJ9F
COHORT_CY	CY016-Tumor-SM-GBJA5
COHORT_CY	CY017-Tumor-SM-GBJA4
COHORT_CY	CY018-Tumor-SM-GBJAV
COHORT_CY	CY019-Tumor-SM-GBJA6
COHORT_CY	CY020-Tumor-SM-GBJ9R
COHORT_CY	CY014-Tumor-SM-GL7ME
COHORT_CY	CY018-Tumor-SM-GL7N4
COHORT_CY	CY018-Tumor-SM-GL7M2
COHORT_CY	CY020-Tumor-SM-GL7LR
COHORT_CY	CY020-Tumor-SM-GL7NG
COHORT_CY	CY021-Tumor-SM-GL7MD
COHORT_DW	DW027-Tumor-SM-CJX4Z
COHORT_DW	DW031-Tumor-SM-CJX51
COHORT_DW	DW031-Tumor-SM-CJX52
COHORT_DW	DW032-Tumor-SM-CJX53
COHORT_DW	DW033-Tumor-SM-CJX54
COHORT_DW	DW019-Tumor-SM-DB2KG
COHORT_DW	DW020-Tumor-SM-DB2IK
COHORT_DW	DW036-Tumor-SM-DB2K4
COHORT_DW	DW038-Tumor-SM-DB2I3
COHORT_DW	DW039-Tumor-SM-DB2IF
COHORT_DW	DW020-Tumor-SM-DHZ7A
COHORT_DW	DW020-Tumor-SM-DHZ5W
COHORT_DW	DW041-Tumor-SM-DHZ66
COHORT_DW	DW041-Tumor-SM-DHZ5C
COHORT_DW	DW047-Tumor-SM-EUVHL
COHORT_DW	DW048-Tumor-SM-EUVFK
COHORT_DW	DW049-Tumor-SM-EUVHX
COHORT_DW	DW051-Tumor-SM-F29SU
COHORT_EH	EH014-Normal-SM-D4L35
COHORT_EH	EH014-Normal-SM-D4L46
COHORT_EH	EH014-Normal-SM-D4L27
COHORT_EH	EH014-Tumor-SM-D4L26
COHORT_EH	EH014-Tumor-SM-D4L1T
COHORT_EH	EH014-Tumor-SM-D4L2W
COHORT_EH	EH015-Normal-SM-D4L2J
COHORT_EH	EH015-Normal-SM-D4L38
COHORT_EH	EH015-Normal-SM-D4L2L
COHORT_EH	EH015-Tumor-SM-D4L1Z
COHORT_EH	EH015-Tumor-SM-D4L2X
COHORT_EH	EH015-Tumor-SM-D4L3A
COHORT_EH	EH015-Tumor-SM-D4L2B
COHORT_EH	EH016-Normal-SM-D4L2E
COHORT_EH	EH016-Normal-SM-DB2JP
COHORT_EH	EH017-Tumor-SM-DB2JO
COHORT_EH	EH018-Tumor-SM-DB3R1
COHORT_EH	EH019-Normal-SM-DB2J3
COHORT_EH	EH019-Tumor-SM-DB3RA
COHORT_EH	EH020-Normal-SM-DB2IQ
COHORT_EH	EH020-Tumor-SM-DB3R4
COHORT_EH	EH014-Tumor-SM-DHZ54
COHORT_EH	EH016-Normal-SM-DHZ5K
COHORT_EH	EH016-Normal-SM-DHZ5Q
COHORT_EH	EH016-Normal-SM-DHZ61
COHORT_EH	EH016-Normal-SM-DHZ69
COHORT_EH	EH017-Tumor-SM-DHZ63
COHORT_EH	EH018-Tumor-SM-DHZ9H
COHORT_EH	EH019-Normal-SM-DHZ8I
COHORT_EH	EH019-Tumor-SM-DHZ9T
COHORT_EH	EH019-Tumor-SM-DHZ7S
COHORT_EH	EH019-Tumor-SM-DHZA6
COHORT_EH	EH020-Normal-SM-DHZ8U
COHORT_EH	EH020-Tumor-SM-DHZ85
COHORT_EH	EH020-Tumor-SM-DHZ8H
COHORT_EH	EH020-Tumor-SM-DHZ8T
COHORT_EH	EH021-Normal-SM-DHZ9J
COHORT_EH	EH021-Normal-SM-DHZ4X
COHORT_EH	EH021-Tumor-SM-DHZ9I
COHORT_EH	EH021-Tumor-SM-DHZ9U
COHORT_EH	EH021-Tumor-SM-DHZ96
COHORT_EH	EH021-Tumor-SM-DHZ6Y
COHORT_EH	EH022-Normal-SM-DHZ97
COHORT_EH	EH022-Normal-SM-DHZ6N
COHORT_EH	EH022-Tumor-SM-DHZA7
COHORT_EH	EH022-Tumor-SM-DHZ5O
COHORT_EH	EH023-Tumor-SM-DHZ7T
COHORT_EH	EH023-Tumor-SM-DHZ86
COHORT_EH	EH017-Tumor-SM-DNUM4
COHORT_EH	EH024-Tumor-SM-DNUL1
COHORT_EH	EH024-Tumor-SM-EUVGT
COHORT_EH	EH026-Normal-SM-F29SV
COHORT_EH	EH026-Tumor-SM-F29SW
COHORT_EH	EH027-Normal-SM-F29SX
COHORT_EH	EH027-Tumor-SM-F29SY
COHORT_EH	EH028-Tumor-SM-GBJAE
COHORT_EH	EH029-Normal-SM-GBJAT
COHORT_EH	EH029-Tumor-SM-GBJB6
COHORT_EH	EH030-Normal-SM-GBJBI
COHORT_EH	EH030-Tumor-SM-GBJ95
COHORT_EH	EH031-Tumor-SM-GL7NX
COHORT_EH	EH032-Tumor-SM-GL7LK
COHORT_EW	EW012-Tumor-SM-EUVFX
COHORT_EW	EW012-Tumor-SM-F67FN
COHORT_EW	EW012-Tumor-SM-F67DY
COHORT_EW	EW012-Tumor-SM-F67G1
COHORT_EW	EW012-Tumor-SM-F67EN
COHORT_EW	EW012-Tumor-SM-F67DZ
COHORT_EW	EW012-Tumor-SM-F67G2
COHORT_EW	EW012-Tumor-SM-F67EZ
COHORT_EW	EW012-Tumor-SM-F67FC
COHORT_EW	EW012-Tumor-SM-F67DM
COHORT_EW	EW012-Tumor-SM-GL7NM
COHORT_GG	GG001-Normal-SM-DHZ8L
COHORT_GG	GG001-Tumor-SM-DHZ89
COHORT_GG	GG002-Normal-SM-DHZ8X
COHORT_GG	GG003-Tumor-SM-DHZ9A
COHORT_GG	GG004-Normal-SM-DHZ9Y
COHORT_GG	GG004-Tumor-SM-DHZ9M
COHORT_HG	HG002-Tumor-SM-D4L3T
COHORT_HG	HG008-Tumor-SM-D4L3O
COHORT_HG	HG009-Tumor-SM-D4L3D
COHORT_HG	HG019-Tumor-SM-D4L3Z
COHORT_HG	HG020-Tumor-SM-D4L2Q
COHORT_HG	HG001-Tumor-SM-DB2I2
COHORT_HG	HG002-Tumor-SM-DB2IP
COHORT_HG	HG002-Tumor-SM-DB2JZ
COHORT_HG	HG001-Tumor-SM-DHZ5L
COHORT_HG	HG002-Tumor-SM-DHZ4W
COHORT_HG	HG003-Tumor-SM-DHZ59
COHORT_HG	HG005-Tumor-SM-DHZ5Z
COHORT_HG	HG005-Tumor-SM-DHZ5X
COHORT_HG	HG006-Tumor-SM-DHZ6M
COHORT_HG	HG011-Tumor-SM-DHZ4Z
COHORT_HG	HG005-Tumor-SM-DNULV
COHORT_HG	HG017-Tumor-SM-DNUML
COHORT_HG	HG017-Tumor-SM-DNULB
COHORT_HG	HG018-Tumor-SM-DNUMX
COHORT_HG	HG018-Tumor-SM-DNUNA
COHORT_HG	HG019-Tumor-SM-DNULN
COHORT_HG	HG019-Tumor-SM-DNULZ
COHORT_HG	HG019-Tumor-SM-E7RZH
COHORT_HG	HG019-Tumor-SM-E7RZT
COHORT_HG	HG017-Tumor-SM-EUVH3
COHORT_HG	HG017-Tumor-SM-F29SZ
COHORT_HG	HG018-Tumor-SM-F29T1
COHORT_HG	HG017-Tumor-SM-F67DO
COHORT_HG	HG018-Tumor-SM-GL7NY
COHORT_HG	HG018-Tumor-SM-GL7MK
COHORT_JB	ANGMCSS-Tumor-SM-D4L2G
COHORT_JB	CHLA200-Tumor-SM-CNN37
COHORT_JB	COGAR359-Tumor-SM-CNN4H
COHORT_JB	COGH430-Tumor-SM-CNN2V
COHORT_JB	GIMEN-Tumor-SM-D4L3E
COHORT_JB	H103-Tumor-SM-D4L41
COHORT_JB	H157-Tumor-SM-D4L34
COHORT_JB	MB1-Tumor-SM-D4L33
COHORT_JB	OACM51-Tumor-SM-D4L3P
COHORT_JB	OCIC5x-Tumor-SM-D4L2S
COHORT_JB	OCIP8p-Tumor-SM-D4L4C
COHORT_JB	OV17R-Tumor-SM-D4L24
COHORT_JB	PACADD165-Tumor-SM-D4L2R
COHORT_JB	PACADD183-Tumor-SM-D4L2F
COHORT_JB	SW13-Tumor-SM-CNN4R
COHORT_JB	SW756-Tumor-SM-D4L23
COHORT_JB	SW954-Tumor-SM-D4L3F
COHORT_JB	UMUC9-Tumor-SM-CNN38
COHORT_JB	LAN6-Tumor-SM-DB2K5
COHORT_JB	NCIH2135H2135-Tumor-SM-DB2JG
COHORT_JB	NCIH847H847-Tumor-SM-DB2J4
COHORT_JB	OCIP5x-Tumor-SM-DB2JS
COHORT_JB	BICR78-Tumor-SM-DHZ79
COHORT_JB	JOPACA1-Tumor-SM-DHZ5I
COHORT_JB	LAN2-Tumor-SM-DHZ6W
COHORT_JB	MDAMB330-Tumor-SM-DHZ78
COHORT_JB	PACADD119-Tumor-SM-DHZ6U
COHORT_JB	PACADD135-Tumor-SM-DHZ77
COHORT_JB	PACADD137-Tumor-SM-DHZ7K
COHORT_JB	PACADD159-Tumor-SM-DHZ67
COHORT_JB	PACADD161-Tumor-SM-DHZ6V
COHORT_JB	PACADD188-Tumor-SM-DHZ5V
COHORT_JB	RO82W1-Tumor-SM-DHZ5J
COHORT_JB	SUM149PT-Tumor-SM-DHZ6J
COHORT_JB	SUM159PT-Tumor-SM-DHZ5U
COHORT_JB	SUM229PE-Tumor-SM-DHZ57
COHORT_JB	SW156-Tumor-SM-DHZ56
COHORT_JB	TO14-Tumor-SM-DHZ68
COHORT_JB	VP229-Tumor-SM-DHZ6K
COHORT_JB	VP303-Tumor-SM-DHZ7J
COHORT_JL	JL54-Normal-SM-D4L3X
COHORT_JL	JL54-Tumor-SM-D4L2D
COHORT_JL	JL58-Normal-SM-D4L4B
COHORT_JL	JL58-Tumor-SM-D4L32
COHORT_JL	JL56-Tumor-SM-DB2HT
COHORT_JL	JL57-Tumor-SM-DB2K7
COHORT_JL	JL58-Normal-SM-DB2JJ
COHORT_JL	JL58-Tumor-SM-DB2J7
COHORT_JL	JL58-Tumor-SM-DB2K8
COHORT_JL	JL59-Normal-SM-DB2J6
COHORT_JL	JL60-Tumor-SM-DB2JU
COHORT_JL	JL61-Normal-SM-DB2JI
COHORT_JL	JL61-Tumor-SM-DB2IT
COHORT_JL	JL56-Tumor-SM-DHZ6A
COHORT_JL	JL59-Normal-SM-DHZ6R
COHORT_JL	JL59-Normal-SM-DHZ6D
COHORT_JL	JL62-Normal-SM-DHZ6L
COHORT_JL	JL62-Tumor-SM-DHZ6X
COHORT_JL	JL57-Normal-SM-DNULJ
COHORT_JL	JL58-Normal-SM-DNUN8
COHORT_JL	JL60-Tumor-SM-DNUL7
COHORT_JL	JL61-Normal-SM-DNUNK
COHORT_JL	JL61-Normal-SM-DNUMV
COHORT_JL	JL61-Tumor-SM-DNULD
COHORT_JL	JL61-Tumor-SM-DNUL2
COHORT_JL	CCLF_JL1001-Normal-SM-E7S2K
COHORT_JL	CCLF_JL1001-Tumor-SM-E7RZ7
COHORT_JL	CCLF_JL1002-Tumor-SM-E7RZJ
COHORT_JL	JL62-Tumor-SM-E7RZ6
COHORT_JL	CCLF_JL1001-Normal-SM-EUVH5
COHORT_JL	CCLF_JL1001-Normal-SM-EUVFR
COHORT_JL	CCLF_JL1001-Tumor-SM-EUVHJ
COHORT_JL	CCLF_JL1001-Tumor-SM-EUVG4
COHORT_JL	CCLF_JL1001-Tumor-SM-EUVGS
COHORT_JL	CCLF_JL1001-Tumor-SM-EUVGG
COHORT_JL	CCLF_JL1002-Tumor-SM-F29RW
COHORT_JL	CCLF_JL1002-Tumor-SM-F29RX
COHORT_JL	JL36-Tumor-SM-F29T2
COHORT_JL	CCLF_JL1003-Tumor-SM-F67EH
COHORT_JL	CCLF_JL1003-Tumor-SM-GBJB4
COHORT_JL	JL62-Normal-SM-GBJAO
COHORT_JNT	JNT100-Tumor-SM-D1849
COHORT_JNT	JNT101-Tumor-SM-D184A
COHORT_JNT	JNT102-Tumor-SM-D184B
COHORT_JNT	JNT103-Tumor-SM-D184C
COHORT_JNT	JNT104-Tumor-SM-D184D
COHORT_JNT	JNT105-Tumor-SM-D184E
COHORT_JNT	JNT106-Tumor-SM-D184F
COHORT_JNT	JNT107-Tumor-SM-D184G
COHORT_JNT	JNT108-Tumor-SM-D184H
COHORT_JNT	JNT109-Tumor-SM-D184I
COHORT_JNT	JNT110-Tumor-SM-D184J
COHORT_JNT	JNT111-Tumor-SM-D184K
COHORT_JNT	JNT112-Tumor-SM-D184L
COHORT_JNT	JNT113-Tumor-SM-D184M
COHORT_JNT	JNT114-Tumor-SM-D184N
COHORT_JNT	JNT115-Tumor-SM-D184O
COHORT_JNT	JNT116-Tumor-SM-D184P
COHORT_JNT	JNT117-Tumor-SM-D184Q
COHORT_JNT	JNT118-Tumor-SM-D184R
COHORT_JNT	JNT119-Tumor-SM-D184S
COHORT_JNT	JNT120-Tumor-SM-D184T
COHORT_JNT	JNT121-Tumor-SM-D184U
COHORT_JNT	JNT122-Tumor-SM-D184V
COHORT_JNT	JNT123-Tumor-SM-D184W
COHORT_JNT	JNT124-Tumor-SM-D184X
COHORT_JNT	JNT125-Tumor-SM-D184Y
COHORT_JNT	JNT126-Tumor-SM-D184Z
COHORT_JNT	JNT127-Tumor-SM-D1851
COHORT_JNT	JNT128-Tumor-SM-D1852
COHORT_JNT	JNT129-Tumor-SM-D1853
COHORT_JNT	JNT130-Tumor-SM-D1854
COHORT_JNT	JNT131-Tumor-SM-D1855
COHORT_JNT	JNT132-Tumor-SM-D1856
COHORT_JNT	JNT133-Tumor-SM-D1857
COHORT_JNT	JNT134-Tumor-SM-D1858
COHORT_JNT	JNT135-Tumor-SM-D1859
COHORT_JNT	JNT136-Tumor-SM-D185A
COHORT_JNT	JNT137-Tumor-SM-D185B
COHORT_JNT	JNT138-Tumor-SM-D185C
COHORT_JNT	JNT49-Tumor-SM-D182S
COHORT_JNT	JNT50-Tumor-SM-D182T
COHORT_JNT	JNT51-Tumor-SM-D182U
COHORT_JNT	JNT52-Tumor-SM-D182V
COHORT_JNT	JNT53-Tumor-SM-D182W
COHORT_JNT	JNT54-Tumor-SM-D182X
COHORT_JNT	JNT55-Tumor-SM-D182Y
COHORT_JNT	JNT56-Tumor-SM-D182Z
COHORT_JNT	JNT57-Tumor-SM-D1831
COHORT_JNT	JNT58-Tumor-SM-D1832
COHORT_JNT	JNT59-Tumor-SM-D1833
COHORT_JNT	JNT60-Tumor-SM-D1834
COHORT_JNT	JNT61-Tumor-SM-D1835
COHORT_JNT	JNT62-Tumor-SM-D1836
COHORT_JNT	JNT63-Tumor-SM-D1837
COHORT_JNT	JNT64-Tumor-SM-D1838
COHORT_JNT	JNT65-Tumor-SM-D1839
COHORT_JNT	JNT66-Tumor-SM-D183A
COHORT_JNT	JNT67-Tumor-SM-D183B
COHORT_JNT	JNT68-Tumor-SM-D183C
COHORT_JNT	JNT69-Tumor-SM-D183D
COHORT_JNT	JNT70-Tumor-SM-D183E
COHORT_JNT	JNT71-Tumor-SM-D183F
COHORT_JNT	JNT72-Tumor-SM-D183G
COHORT_JNT	JNT73-Tumor-SM-D183H
COHORT_JNT	JNT74-Tumor-SM-D183I
COHORT_JNT	JNT75-Tumor-SM-D183J
COHORT_JNT	JNT76-Tumor-SM-D183K
COHORT_JNT	JNT77-Tumor-SM-D183L
COHORT_JNT	JNT78-Tumor-SM-D183M
COHORT_JNT	JNT79-Tumor-SM-D183N
COHORT_JNT	JNT80-Tumor-SM-D183O
COHORT_JNT	JNT81-Tumor-SM-D183P
COHORT_JNT	JNT82-Tumor-SM-D183Q
COHORT_JNT	JNT83-Tumor-SM-D183R
COHORT_JNT	JNT84-Tumor-SM-D183S
COHORT_JNT	JNT85-Tumor-SM-D183T
COHORT_JNT	JNT86-Tumor-SM-D183U
COHORT_JNT	JNT87-Tumor-SM-D183V
COHORT_JNT	JNT88-Tumor-SM-D183W
COHORT_JNT	JNT89-Tumor-SM-D183X
COHORT_JNT	JNT90-Tumor-SM-D183Y
COHORT_JNT	JNT91-Tumor-SM-D183Z
COHORT_JNT	JNT92-Tumor-SM-D1841
COHORT_JNT	JNT93-Tumor-SM-D1842
COHORT_JNT	JNT94-Tumor-SM-D1843
COHORT_JNT	JNT95-Tumor-SM-D1844
COHORT_JNT	JNT96-Tumor-SM-D1845
COHORT_JNT	JNT97-Tumor-SM-D1846
COHORT_JNT	JNT98-Tumor-SM-D1847
COHORT_JNT	JNT99-Tumor-SM-D1848
COHORT_NB	ICC10-Tumor-SM-EUVHG
COHORT_NB	ICC13-Tumor-SM-EUVHS
COHORT_NB	ICC1-Tumor-SM-EUVHF
COHORT_NB	ICC2-Tumor-SM-EUVHR
COHORT_NB	ICC3-Tumor-SM-EUVI4
COHORT_NB	ICC4-Tumor-SM-EUVFQ
COHORT_NB	ICC5-Tumor-SM-EUVG3
COHORT_NB	ICC6-Tumor-SM-EUVGF
COHORT_NB	ICC7-Tumor-SM-EUVGR
COHORT_NB	ICC8-Tumor-SM-EUVH4
COHORT_NB	CCLF_NB0001-Tumor-SM-F67DH
COHORT_NB	CCLF_NB0002-Tumor-SM-F67E6
COHORT_NB	CCLF_NB0003-Tumor-SM-F67DT
COHORT_NB	CCLF_NB1001-Tumor-SM-GL7NL
COHORT_NH	CCLF_NH1001-Tumor-SM-EUVG2
COHORT_NH	CCLF_NH1002-Tumor-SM-EUVGO
COHORT_NH	CCLF_NH1003-Tumor-SM-EUVGC
COHORT_NH	CCLF_NH1003-Tumor-SM-F29S2
COHORT_NH	CCLF_NH1004-Tumor-SM-F29S3
COHORT_NH	CCLF_NH1005-Tumor-SM-F29S4
COHORT_NH	CCLF_NH1006-Tumor-SM-F67DG
COHORT_NH	CCLF_NH1006-Tumor-SM-F67DP
COHORT_NH	CCLF_NH1002-Tumor-SM-GBJ9D
COHORT_NH	CCLF_NH1003-Tumor-SM-GBJA3
COHORT_NH	CCLF_NH1005-Tumor-SM-GBJ97
COHORT_NH	CCLF_NH1006-Tumor-SM-GBJAF
COHORT_PEDS	PEDS071-Tumor-SM-D4L2A
COHORT_PEDS	PEDS153-Normal-SM-D4L1X
COHORT_PEDS	PEDS153-Tumor-SM-D4L39
COHORT_PEDS	PEDS153-Tumor-SM-D4L3G
COHORT_PEDS	PEDS163-Tumor-SM-D4L3U
COHORT_PEDS	PEDS163-Tumor-SM-D4L36
COHORT_PEDS	PEDS165-Normal-SM-D4L3J
COHORT_PEDS	PEDS165-Tumor-SM-D4L2U
COHORT_PEDS	PEDS165-Tumor-SM-D4L29
COHORT_PEDS	PEDS165-Tumor-SM-D4L1U
COHORT_PEDS	PEDS165-Tumor-SM-D4L43
COHORT_PEDS	PEDS166-Normal-SM-D4L3H
COHORT_PEDS	PEDS166-Tumor-SM-D4L2O
COHORT_PEDS	PEDS167-Normal-SM-D4L3M
COHORT_PEDS	PEDS167-Tumor-SM-D4L31
COHORT_PEDS	PEDS168-Normal-SM-D4L28
COHORT_PEDS	PEDS168-Normal-SM-D4L44
COHORT_PEDS	PEDS168-Tumor-SM-D4L2K
COHORT_PEDS	PEDS171-Normal-SM-D4L1V
COHORT_PEDS	PEDS171-Normal-SM-D4L21
COHORT_PEDS	PEDS171-Normal-SM-D4L3R
COHORT_PEDS	PEDS174-Tumor-SM-D4L3K
COHORT_PEDS	PEDS174-Tumor-SM-D4L3N
COHORT_PEDS	PEDS175-Normal-SM-D4L37
COHORT_PEDS	PEDS176-Normal-SM-D4L2I
COHORT_PEDS	PEDS176-Tumor-SM-D4L2T
COHORT_PEDS	PEDS185-Normal-SM-D4L2Y
COHORT_PEDS	PEDS185-Tumor-SM-D4L2N
COHORT_PEDS	PEDS186-Tumor-SM-D4L4A
COHORT_PEDS	PEDS187-Tumor-SM-D4L22
COHORT_PEDS	PEDS190-Normal-SM-D4L3L
COHORT_PEDS	PEDS145-Tumor-SM-DB2JV
COHORT_PEDS	PEDS153-Normal-SM-DB2IU
COHORT_PEDS	PEDS154-Tumor-SM-DB2KC
COHORT_PEDS	PEDS157-Normal-SM-DB2I6
COHORT_PEDS	PEDS157-Tumor-SM-DB2II
COHORT_PEDS	PEDS157-Tumor-SM-DB2HV
COHORT_PEDS	PEDS160-Normal-SM-DB2HU
COHORT_PEDS	PEDS161-Tumor-SM-DB2KA
COHORT_PEDS	PEDS163-Tumor-SM-DB2JC
COHORT_PEDS	PEDS166-Normal-SM-DB2I5
COHORT_PEDS	PEDS167-Tumor-SM-DB2IE
COHORT_PEDS	PEDS167-Tumor-SM-DB2KF
COHORT_PEDS	PEDS172-Tumor-SM-DB2K3
COHORT_PEDS	PEDS172-Tumor-SM-DB3R7
COHORT_PEDS	PEDS172-Tumor-SM-DB2I8
COHORT_PEDS	PEDS174-Tumor-SM-DB2JD
COHORT_PEDS	PEDS175-Normal-SM-DB2IZ
COHORT_PEDS	PEDS175-Tumor-SM-DB2JN
COHORT_PEDS	PEDS176-Normal-SM-DB2J8
COHORT_PEDS	PEDS176-Tumor-SM-DB3R9
COHORT_PEDS	PEDS176-Tumor-SM-DB2JX
COHORT_PEDS	PEDS176-Tumor-SM-DB2I7
COHORT_PEDS	PEDS177-Normal-SM-DB2IV
COHORT_PEDS	PEDS186-Tumor-SM-DB2JK
COHORT_PEDS	PEDS191-Tumor-SM-DB2KD
COHORT_PEDS	PEDS192-Tumor-SM-DB2J1
COHORT_PEDS	PEDS193-Tumor-SM-DB2HY
COHORT_PEDS	PEDS194-Normal-SM-DB2IW
COHORT_PEDS	PEDS194-Tumor-SM-DB2HW
COHORT_PEDS	PEDS195-Tumor-SM-DB3R6
COHORT_PEDS	PEDS195-Tumor-SM-DB3R3
COHORT_PEDS	PEDS199-Normal-SM-DB2K9
COHORT_PEDS	PEDS199-Tumor-SM-DB2JW
COHORT_PEDS	CCLF_PEDS1002-Normal-SM-DHZ7F
COHORT_PEDS	CCLF_PEDS1002-Tumor-SM-DHZ5P
COHORT_PEDS	CCLF_PEDS1003-Tumor-SM-DHZ6Q
COHORT_PEDS	CCLF_PEDS1003-Tumor-SM-DHZ6H
COHORT_PEDS	CCLF_PEDS1003-Tumor-SM-DHZ6E
COHORT_PEDS	CCLF_PEDS1003-Tumor-SM-DHZ74
COHORT_PEDS	CCLF_PEDS1004-Tumor-SM-DHZ76
COHORT_PEDS	CCLF_PEDS1005-Tumor-SM-DHZ6I
COHORT_PEDS	PEDS162-Normal-SM-DHZ7Y
COHORT_PEDS	PEDS167-Tumor-SM-DHZA3
COHORT_PEDS	PEDS178-Tumor-SM-DHZ8G
COHORT_PEDS	PEDS178-Tumor-SM-DHZ8S
COHORT_PEDS	PEDS178-Tumor-SM-DHZ9S
COHORT_PEDS	PEDS179-Normal-SM-DHZ8Z
COHORT_PEDS	PEDS179-Normal-SM-DHZ7N
COHORT_PEDS	PEDS179-Tumor-SM-DHZ91
COHORT_PEDS	PEDS179-Tumor-SM-DHZA8
COHORT_PEDS	PEDS182-Normal-SM-DHZ8O
COHORT_PEDS	PEDS182-Normal-SM-DHZA1
COHORT_PEDS	PEDS182-Tumor-SM-DHZ9C
COHORT_PEDS	PEDS182-Tumor-SM-DHZ8C
COHORT_PEDS	PEDS182-Tumor-SM-DHZ9D
COHORT_PEDS	PEDS182-Tumor-SM-DHZ8V
COHORT_PEDS	PEDS182-Tumor-SM-DHZA5
COHORT_PEDS	PEDS184-Tumor-SM-DHZ82
COHORT_PEDS	PEDS184-Tumor-SM-DHZ9R
COHORT_PEDS	PEDS184-Tumor-SM-DHZ7Q
COHORT_PEDS	PEDS184-Tumor-SM-DHZ9F
COHORT_PEDS	PEDS184-Tumor-SM-DHZ7P
COHORT_PEDS	PEDS184-Tumor-SM-DHZ7R
COHORT_PEDS	PEDS184-Tumor-SM-DHZ93
COHORT_PEDS	PEDS184-Tumor-SM-DHZ83
COHORT_PEDS	PEDS184-Tumor-SM-DHZ84
COHORT_PEDS	PEDS186-Tumor-SM-DHZ9Q
COHORT_PEDS	PEDS187-Tumor-SM-DHZ87
COHORT_PEDS	PEDS192-Tumor-SM-DHZ9E
COHORT_PEDS	PEDS192-Tumor-SM-DHZ9P
COHORT_PEDS	PEDS192-Tumor-SM-DHZ81
COHORT_PEDS	PEDS192-Tumor-SM-DHZA2
COHORT_PEDS	PEDS192-Tumor-SM-DHZ9G
COHORT_PEDS	PEDS194-Normal-SM-DHZ8P
COHORT_PEDS	PEDS194-Normal-SM-DHZ7O
COHORT_PEDS	PEDS194-Normal-SM-DHZ92
COHORT_PEDS	PEDS194-Normal-SM-DHZ8D
COHORT_PEDS	PEDS194-Tumor-SM-DHZA4
COHORT_PEDS	PEDS194-Tumor-SM-DHZ8Q
COHORT_PEDS	PEDS194-Tumor-SM-DHZ8F
COHORT_PEDS	PEDS195-Tumor-SM-DHZ9B
COHORT_PEDS	PEDS195-Tumor-SM-DHZ8M
COHORT_PEDS	PEDS195-Tumor-SM-DHZ8Y
COHORT_PEDS	PEDS195-Tumor-SM-DHZ8A
COHORT_PEDS	PEDS195-Tumor-SM-DHZ7L
COHORT_PEDS	PEDS195-Tumor-SM-DHZ7X
COHORT_PEDS	PEDS195-Tumor-SM-DHZ9O
COHORT_PEDS	PEDS195-Tumor-SM-DHZ7Z
COHORT_PEDS	PEDS199-Tumor-SM-DHZ8R
COHORT_PEDS	PEDS199-Tumor-SM-DHZ8E
COHORT_PEDS	PEDS199-Tumor-SM-DHZ8J
COHORT_PEDS	PEDS200-Normal-SM-DHZ9Z
COHORT_PEDS	PEDS200-Tumor-SM-DHZ7M
COHORT_PEDS	PEDS201-Tumor-SM-DHZ94
COHORT_PEDS	PEDS201-Tumor-SM-DHZ9V
COHORT_PEDS	PEDS201-Tumor-SM-DHZ7U
COHORT_PEDS	PEDS201-Tumor-SM-DHZ9N
COHORT_PEDS	PEDS203-Normal-SM-DHZ8B
COHORT_PEDS	PEDS203-Tumor-SM-DHZ8N
COHORT_PEDS	PEDS206-Normal-SM-DHZ4V
COHORT_PEDS	PEDS206-Tumor-SM-DHZ58
COHORT_PEDS	PEDS207-Normal-SM-DHZ6C
COHORT_PEDS	PEDS207-Tumor-SM-DHZ6O
COHORT_PEDS	PEDS208-Tumor-SM-DHZ6P
COHORT_PEDS	PEDS209-Normal-SM-DHZ7E
COHORT_PEDS	PEDS209-Tumor-SM-DHZ51
COHORT_PEDS	PEDS210-Tumor-SM-DHZ72
COHORT_PEDS	CCLF_PEDS1006-Tumor-SM-DNUMB
COHORT_PEDS	CCLF_PEDS1007-Normal-SM-DNULM
COHORT_PEDS	CCLF_PEDS1007-Tumor-SM-DNULY
COHORT_PEDS	CCLF_PEDS1010-Tumor-SM-DNULU
COHORT_PEDS	CCLF_PEDS1012-Tumor-SM-DNUN2
COHORT_PEDS	CCLF_PEDS1013-Tumor-SM-DNULR
COHORT_PEDS	PEDS021-Tumor-SM-DNUNE
COHORT_PEDS	PEDS021-Tumor-SM-DNUNM
COHORT_PEDS	PEDS021-Tumor-SM-DNUL9
COHORT_PEDS	PEDS102-Tumor-SM-DNUMN
COHORT_PEDS	PEDS171-Tumor-SM-DNULI
COHORT_PEDS	PEDS171-Tumor-SM-DNUL6
COHORT_PEDS	PEDS172-Tumor-SM-DNUM3
COHORT_PEDS	PEDS176-Normal-SM-DNUN3
COHORT_PEDS	PEDS184-Tumor-SM-DNUNJ
COHORT_PEDS	PEDS184-Tumor-SM-DNUL4
COHORT_PEDS	PEDS188-Tumor-SM-DNUL3
COHORT_PEDS	PEDS188-Tumor-SM-DNUMS
COHORT_PEDS	PEDS194-Tumor-SM-DNUM2
COHORT_PEDS	PEDS195-Tumor-SM-DNUNH
COHORT_PEDS	PEDS196-Normal-SM-DNUN7
COHORT_PEDS	PEDS196-Normal-SM-DNULT
COHORT_PEDS	PEDS196-Tumor-SM-DNUN5
COHORT_PEDS	PEDS196-Tumor-SM-DNUN4
COHORT_PEDS	PEDS197-Normal-SM-DNUM7
COHORT_PEDS	PEDS199-Normal-SM-DNULP
COHORT_PEDS	PEDS200-Normal-SM-DNUMK
COHORT_PEDS	PEDS200-Normal-SM-DNUME
COHORT_PEDS	PEDS200-Tumor-SM-DNUMU
COHORT_PEDS	PEDS200-Tumor-SM-DNUMQ
COHORT_PEDS	PEDS202-Tumor-SM-DNULK
COHORT_PEDS	PEDS202-Tumor-SM-DNUNN
COHORT_PEDS	PEDS202-Tumor-SM-DNULW
COHORT_PEDS	PEDS204-Normal-SM-DNUMZ
COHORT_PEDS	PEDS204-Tumor-SM-DO3D5
COHORT_PEDS	PEDS209-Tumor-SM-DNULE
COHORT_PEDS	PEDS209-Tumor-SM-DNULQ
COHORT_PEDS	PEDS209-Tumor-SM-DNULA
COHORT_PEDS	PEDS211-Normal-SM-DO3D4
COHORT_PEDS	PEDS211-Tumor-SM-DNUM5
COHORT_PEDS	PEDS211-Tumor-SM-DO3CZ
COHORT_PEDS	CCLF_PEDS1004-Tumor-SM-E7S16
COHORT_PEDS	CCLF_PEDS1004-Tumor-SM-E7RZ1
COHORT_PEDS	CCLF_PEDS1005-Tumor-SM-E7S1I
COHORT_PEDS	CCLF_PEDS1006-Tumor-SM-E7RZP
COHORT_PEDS	CCLF_PEDS1006-Tumor-SM-E7RZD
COHORT_PEDS	CCLF_PEDS1006-Tumor-SM-E7RZY
COHORT_PEDS	CCLF_PEDS1007-Normal-SM-E7S12
COHORT_PEDS	CCLF_PEDS1007-Normal-SM-E7S1E
COHORT_PEDS	CCLF_PEDS1008-Normal-SM-E7S1Q
COHORT_PEDS	CCLF_PEDS1008-Normal-SM-E7S23
COHORT_PEDS	CCLF_PEDS1008-Tumor-SM-E7S2F
COHORT_PEDS	CCLF_PEDS1008-Tumor-SM-E7RZ2
COHORT_PEDS	CCLF_PEDS1010-Tumor-SM-E7S1U
COHORT_PEDS	CCLF_PEDS1010-Tumor-SM-E7S27
COHORT_PEDS	CCLF_PEDS1011-Normal-SM-E7RZE
COHORT_PEDS	CCLF_PEDS1011-Tumor-SM-E7RZQ
COHORT_PEDS	CCLF_PEDS1012-Tumor-SM-E7S13
COHORT_PEDS	CCLF_PEDS1012-Tumor-SM-E7S1F
COHORT_PEDS	CCLF_PEDS1012-Tumor-SM-E7S1R
COHORT_PEDS	CCLF_PEDS1013-Tumor-SM-E7S1N
COHORT_PEDS	CCLF_PEDS1013-Tumor-SM-E7S1B
COHORT_PEDS	CCLF_PEDS1014-Tumor-SM-E7S1X
COHORT_PEDS	CCLF_PEDS1015-Tumor-SM-E7S2M
COHORT_PEDS	CCLF_PEDS1019-Normal-SM-E7S24
COHORT_PEDS	CCLF_PEDS1019-Tumor-SM-E7S2G
COHORT_PEDS	CCLF_PEDS1020-Normal-SM-E7RZ9
COHORT_PEDS	CCLF_PEDS1020-Tumor-SM-E7RZL
COHORT_PEDS	CCLF_PEDS1021-Normal-SM-E7RZX
COHORT_PEDS	CCLF_PEDS1021-Tumor-SM-E7S1A
COHORT_PEDS	CCLF_PEDS1022-Normal-SM-E7RZ3
COHORT_PEDS	CCLF_PEDS1022-Tumor-SM-E7RZF
COHORT_PEDS	PEDS171-Tumor-SM-E7S11
COHORT_PEDS	PEDS187-Normal-SM-E7S1S
COHORT_PEDS	PEDS191-Normal-SM-E7S25
COHORT_PEDS	PEDS194-Tumor-SM-E7S1D
COHORT_PEDS	PEDS195-Tumor-SM-E7S2H
COHORT_PEDS	PEDS195-Tumor-SM-E7S28
COHORT_PEDS	PEDS196-Tumor-SM-E7RZA
COHORT_PEDS	PEDS199-Normal-SM-E7S1P
COHORT_PEDS	PEDS204-Tumor-SM-E7RZM
COHORT_PEDS	PEDS204-Tumor-SM-E7S2N
COHORT_PEDS	PEDS207-Normal-SM-E7RZ4
COHORT_PEDS	PEDS207-Tumor-SM-E7S1Z
COHORT_PEDS	PEDS207-Tumor-SM-E7RZG
COHORT_PEDS	PEDS207-Tumor-SM-E7RZI
COHORT_PEDS	PEDS208-Tumor-SM-E7S15
COHORT_PEDS	PEDS208-Tumor-SM-E7RZS
COHORT_PEDS	PEDS209-Normal-SM-E7S1H
COHORT_PEDS	PEDS211-Normal-SM-E7S1T
COHORT_PEDS	PEDS211-Tumor-SM-E7S22
COHORT_PEDS	PEDS211-Tumor-SM-E7S2E
COHORT_PEDS	PEDS222-Normal-SM-E7S2B
COHORT_PEDS	CCLF_PEDS1004-Tumor-SM-EUVHQ
COHORT_PEDS	CCLF_PEDS1005-Normal-SM-EUVG6
COHORT_PEDS	CCLF_PEDS1006-Tumor-SM-EUVHH
COHORT_PEDS	CCLF_PEDS1008-Tumor-SM-EUVH8
COHORT_PEDS	CCLF_PEDS1008-Tumor-SM-EUVI3
COHORT_PEDS	CCLF_PEDS1010-Tumor-SM-EUVFG
COHORT_PEDS	CCLF_PEDS1010-Tumor-SM-EUVHT
COHORT_PEDS	CCLF_PEDS1011-Tumor-SM-EUVHE
COHORT_PEDS	CCLF_PEDS1012-Normal-SM-EUVHI
COHORT_PEDS	CCLF_PEDS1013-Tumor-SM-EUVFF
COHORT_PEDS	CCLF_PEDS1014-Tumor-SM-EUVH7
COHORT_PEDS	CCLF_PEDS1016-Normal-SM-EUVHC
COHORT_PEDS	CCLF_PEDS1017-Normal-SM-EUVGN
COHORT_PEDS	CCLF_PEDS1018-Tumor-SM-EUVFJ
COHORT_PEDS	CCLF_PEDS1019-Normal-SM-EUVGI
COHORT_PEDS	CCLF_PEDS1021-Tumor-SM-EUVG7
COHORT_PEDS	CCLF_PEDS1021-Tumor-SM-EUVGU
COHORT_PEDS	CCLF_PEDS1024-Tumor-SM-EUVGM
COHORT_PEDS	CCLF_PEDS1025-Normal-SM-EUVG1
COHORT_PEDS	CCLF_PEDS1025-Normal-SM-EUVFO
COHORT_PEDS	CCLF_PEDS1025-Normal-SM-EUVG8
COHORT_PEDS	CCLF_PEDS1025-Tumor-SM-EUVHD
COHORT_PEDS	CCLF_PEDS1025-Tumor-SM-EUVI2
COHORT_PEDS	CCLF_PEDS1025-Tumor-SM-EUVHP
COHORT_PEDS	CCLF_PEDS1025-Tumor-SM-EUVFV
COHORT_PEDS	CCLF_PEDS1026-Normal-SM-EUVH2
COHORT_PEDS	CCLF_PEDS1026-Normal-SM-EUVHW
COHORT_PEDS	CCLF_PEDS1026-Tumor-SM-EUVGD
COHORT_PEDS	CCLF_PEDS1026-Tumor-SM-EUVGP
COHORT_PEDS	CCLF_PEDS1026-Tumor-SM-EUVHK
COHORT_PEDS	CCLF_PEDS1027-Tumor-SM-EUVFW
COHORT_PEDS	CCLF_PEDS1028-Tumor-SM-EUVI1
COHORT_PEDS	CCLF_PEDS1029-Normal-SM-EUVH1
COHORT_PEDS	CCLF_PEDS1029-Tumor-SM-EUVFZ
COHORT_PEDS	CCLF_PEDS1011-Tumor-SM-F29S5
COHORT_PEDS	CCLF_PEDS1023-Normal-SM-F29S6
COHORT_PEDS	CCLF_PEDS1023-Tumor-SM-F29S7
COHORT_PEDS	CCLF_PEDS1025-Normal-SM-F29S8
COHORT_PEDS	CCLF_PEDS1025-Tumor-SM-F29S9
COHORT_PEDS	CCLF_PEDS1031-Tumor-SM-F29SA
COHORT_PEDS	CCLF_PEDS1032-Tumor-SM-F29SB
COHORT_PEDS	CCLF_PEDS1033-Normal-SM-F29SD
COHORT_PEDS	CCLF_PEDS1033-Normal-SM-F29SC
COHORT_PEDS	CCLF_PEDS1033-Tumor-SM-F29SF
COHORT_PEDS	CCLF_PEDS1033-Tumor-SM-F29SE
COHORT_PEDS	CCLF_PEDS1035-Normal-SM-F29SH
COHORT_PEDS	CCLF_PEDS1035-Normal-SM-F29SG
COHORT_PEDS	CCLF_PEDS1035-Tumor-SM-F29SI
COHORT_PEDS	CCLF_PEDS1035-Tumor-SM-F29SJ
COHORT_PEDS	CCLF_PEDS1036-Tumor-SM-F29SK
COHORT_PEDS	CCLF_PEDS1010-Tumor-SM-F67EC
COHORT_PEDS	CCLF_PEDS1019-Normal-SM-F67EO
COHORT_PEDS	CCLF_PEDS1021-Tumor-SM-F67F8
COHORT_PEDS	CCLF_PEDS1021-Tumor-SM-F67EV
COHORT_PEDS	CCLF_PEDS1022-Tumor-SM-F67DU
COHORT_PEDS	CCLF_PEDS1027-Normal-SM-F67E1
COHORT_PEDS	CCLF_PEDS1028-Tumor-SM-F67E7
COHORT_PEDS	CCLF_PEDS1029-Normal-SM-F67EJ
COHORT_PEDS	CCLF_PEDS1029-Tumor-SM-F67FP
COHORT_PEDS	CCLF_PEDS1030-Tumor-SM-F67EM
COHORT_PEDS	CCLF_PEDS1031-Tumor-SM-F67DV
COHORT_PEDS	CCLF_PEDS1031-Tumor-SM-F67E9
COHORT_PEDS	CCLF_PEDS1031-Tumor-SM-F67E8
COHORT_PEDS	CCLF_PEDS1031-Tumor-SM-F67DW
COHORT_PEDS	CCLF_PEDS1031-Tumor-SM-F67EK
COHORT_PEDS	CCLF_PEDS1031-Tumor-SM-F67DK
COHORT_PEDS	CCLF_PEDS1032-Tumor-SM-F67EY
COHORT_PEDS	CCLF_PEDS1032-Tumor-SM-F67DX
COHORT_PEDS	CCLF_PEDS1032-Tumor-SM-F67DL
COHORT_PEDS	CCLF_PEDS1033-Normal-SM-F67FB
COHORT_PEDS	CCLF_PEDS1033-Tumor-SM-F67EA
COHORT_PEDS	CCLF_PEDS1033-Tumor-SM-F67G3
COHORT_PEDS	CCLF_PEDS1033-Tumor-SM-F67FY
COHORT_PEDS	CCLF_PEDS1034-Normal-SM-F67G4
COHORT_PEDS	CCLF_PEDS1034-Tumor-SM-F67EF
COHORT_PEDS	CCLF_PEDS1035-Tumor-SM-F67DQ
COHORT_PEDS	CCLF_PEDS1036-Tumor-SM-F67F4
COHORT_PEDS	CCLF_PEDS1036-Tumor-SM-F67FM
COHORT_PEDS	CCLF_PEDS1036-Tumor-SM-F67FF
COHORT_PEDS	CCLF_PEDS1037-Normal-SM-F67FW
COHORT_PEDS	CCLF_PEDS1037-Tumor-SM-F67FK
COHORT_PEDS	CCLF_PEDS1039-Tumor-SM-F67EW
COHORT_PEDS	CCLF_PEDS1041-Tumor-SM-F67FX
COHORT_PEDS	PEDS063-Normal-SM-F67EX
COHORT_PEDS	PEDS063-Tumor-SM-F67EL
COHORT_PEDS	PEDS105-Tumor-SM-F67FA
COHORT_PEDS	PEDS143-Normal-SM-F67F9
COHORT_PEDS	PEDS143-Tumor-SM-F67FL
COHORT_PEDS	CCLF_PEDS1008-Tumor-SM-GBJAC
COHORT_PEDS	CCLF_PEDS1034-Tumor-SM-GBJBL
COHORT_PEDS	CCLF_PEDS1034-Tumor-SM-GBJ9K
COHORT_PEDS	CCLF_PEDS1038-Tumor-SM-GBJB1
COHORT_PEDS	CCLF_PEDS1039-Tumor-SM-GBJ98
COHORT_PEDS	CCLF_PEDS1039-Tumor-SM-GBJA8
COHORT_PEDS	CCLF_PEDS1041-Tumor-SM-GBJA9
COHORT_PEDS	CCLF_PEDS1041-Tumor-SM-GBJAL
COHORT_PEDS	CCLF_PEDS1042-Tumor-SM-GBJ9J
COHORT_PEDS	CCLF_PEDS1042-Tumor-SM-GBJAI
COHORT_PEDS	CCLF_PEDS1044-Tumor-SM-GBJ9M
COHORT_PEDS	CCLF_PEDS1045-Tumor-SM-GBJAX
COHORT_PEDS	PEDS063-Normal-SM-GBJB9
COHORT_PEDS	PEDS063-Tumor-SM-GBJAK
COHORT_PEDS	PEDS063-Tumor-SM-GBJ9W
COHORT_PEDS	PEDS105-Normal-SM-GBJ9V
COHORT_PEDS	PEDS105-Normal-SM-GBJBP
COHORT_PEDS	PEDS142-Tumor-SM-GBJAW
COHORT_PEDS	CCLF_PEDS1034-Tumor-SM-GL7NB
COHORT_PEDS	CCLF_PEDS1040-Normal-SM-GL7O1
COHORT_PEDS	CCLF_PEDS1040-Normal-SM-GL7MM
COHORT_PEDS	CCLF_PEDS1040-Normal-SM-GL7NC
COHORT_PEDS	CCLF_PEDS1040-Tumor-SM-GL7NN
COHORT_PEDS	CCLF_PEDS1041-Tumor-SM-GL7MA
COHORT_PEDS	CCLF_PEDS1042-Tumor-SM-GL7MN
COHORT_PEDS	CCLF_PEDS1042-Tumor-SM-GL7LY
COHORT_PEDS	CCLF_PEDS1044-Normal-SM-GL7MY
COHORT_PEDS	CCLF_PEDS1045-Tumor-SM-GL7MB
COHORT_PEDS	CCLF_PEDS1045-Tumor-SM-GL7LM
COHORT_PEDS	CCLF_PEDS1041-Tumor-SM-GL7NZ
COHORT_PEDS	CCLF_PEDS1041-Tumor-SM-GL7LZ
COHORT_PEDS	CCLF_PEDS1047-Normal-SM-GL7NO
COHORT_PEDS	CCLF_PEDS1047-Tumor-SM-GL7MZ
COHORT_PEDS	CCLF_PEDS1048-Tumor-SM-GL7LN
COHORT_PEDS	CCLF_PEDS1049-Tumor-SM-GL7LX
COHORT_PK	PK044-Tumor-SM-DNUMC
COHORT_PM	PM748-Tumor-SM-D4L3S
COHORT_PM	PM860-Tumor-SM-DB2JT
COHORT_PM	PM860-Tumor-SM-DB2K6
COHORT_SP	SP022-Tumor-SM-DNUMH
COHORT_SP	SP022-Tumor-SM-E7S21
COHORT_SP	SP022-Tumor-SM-E7S2D
COHORT_SP	SP025-Tumor-SM-EUVFH
COHORT_SP	SP025-Tumor-SM-EUVHU
COHORT_SP	SP025-Tumor-SM-EUVFT
COHORT_SP	SP022-Tumor-SM-F29T3
COHORT_SS	CCLF_SS1001-Tumor-SM-DHZ5H
COHORT_SS	CCLF_SS1001-Tumor-SM-DHZ7I
COHORT_SS	CCLF_SS1001-Tumor-SM-DHZ55
COHORT_SS	CCLF_SS1001-Tumor-SM-DHZ5T
COHORT_SS	CCLF_SS1002-Normal-SM-DNUMI
COHORT_SS	CCLF_SS1002-Tumor-SM-DNUNC
COHORT_SS	CCLF_SS1003-Tumor-SM-DNUNO
COHORT_SS	CCLF_SS1004-Normal-SM-DNUMG
COHORT_SS	CCLF_SS1004-Tumor-SM-DNUN6
COHORT_SS	CCLF_SS1005-Tumor-SM-DO7N1
COHORT_SS	CCLF_SS1003-Normal-SM-E7S2A
COHORT_SS	CCLF_SS1005-Normal-SM-E7S1G
COHORT_SS	CCLF_SS1006-Normal-SM-E7RZR
COHORT_SS	CCLF_SS1006-Tumor-SM-E7S14
COHORT_SS	CCLF_SS1008-Normal-SM-F29SL
COHORT_SS	CCLF_SS1008-Tumor-SM-F29SM
COHORT_SS	CCLF_SS1008-Tumor-SM-F29SN
COHORT_SS	CCLF_SS1009-Normal-SM-F29SO
COHORT_SS	CCLF_SS1009-Tumor-SM-F29SP
COHORT_SS	CCLF_SS1007-Normal-SM-F67EP
COHORT_SS	CCLF_SS1008-Tumor-SM-GL7MC
COHORT_SS	CCLF_SS1009-Tumor-SM-GL7NQ
COHORT_TC	TC002-Tumor-SM-DB2IR
COHORT_TC	TC005-Tumor-SM-DB2IO
COHORT_TC	TC005-Tumor-SM-DHZ65
COHORT_TC	TC005-Tumor-SM-DHZ6F
COHORT_TC	TC005-Tumor-SM-DHZ53
COHORT_TC	TC007-Normal-SM-DHZ6S
COHORT_TC	TC007-Tumor-SM-DHZ6T
COHORT_TC	TC008-Tumor-SM-E7S26
COHORT_TC	TC010-Tumor-SM-EUVHB
COHORT_TC	TC012-Tumor-SM-GBJ9Y
COHORT_TC	TC013-Tumor-SM-GL7NU
COHORT_TC	JB003-Tumor-SM-E7S2J
COHORT_TC	TC011-Tumor-SM-GBJA2
COHORT_TC	TC011-Tumor-SM-GL7NS
COHORT_TC	TC011-Tumor-SM-GL7M5
Cum_TSCA22_all	AA33-Normal-SM-D4L4D
Cum_TSCA22_all	AA34-Tumor-SM-D4L25
Cum_TSCA22_all	AA36-Tumor-SM-D4L2H
Cum_TSCA22_all	AA39-Tumor-SM-D4L3Q
Cum_TSCA22_all	AA40-Tumor-SM-D4L42
Cum_TSCA22_all	AA24-Tumor-SM-DHZ8W
Cum_TSCA22_all	AA25-Tumor-SM-DHZ99
Cum_TSCA22_all	AA33-Normal-SM-DHZ9L
Cum_TSCA22_all	AA33-Tumor-SM-DHZ9X
Cum_TSCA22_all	AA38-Tumor-SM-DHZ98
Cum_TSCA22_all	AA39-Tumor-SM-DHZAA
Cum_TSCA22_all	AA40-Tumor-SM-DHZ7W
Cum_TSCA22_all	AA42-Tumor-SM-DHZ9W
Cum_TSCA22_all	AA43-Tumor-SM-DHZ8K
Cum_TSCA22_all	AA44-Normal-SM-DHZ88
Cum_TSCA22_all	AA45-Tumor-SM-DHZ9K
Cum_TSCA22_all	AA46-Tumor-SM-DHZA9
Cum_TSCA22_all	AA47-Tumor-SM-DHZ7V
Cum_TSCA22_all	AA38-Tumor-SM-E7S17
Cum_TSCA22_all	AA42-Tumor-SM-E7S2I
Cum_TSCA22_all	AA45-Tumor-SM-E7RZ5
Cum_TSCA22_all	AA47-Tumor-SM-E7S1J
Cum_TSCA22_all	AA49-Tumor-SM-E7S1V
Cum_TSCA22_all	AA49-Tumor-SM-EUVFI
Cum_TSCA22_all	AA53-Tumor-SM-EUVFU
Cum_TSCA22_all	AA55-Tumor-SM-EUVGJ
Cum_TSCA22_all	AA56-Tumor-SM-EUVGH
Cum_TSCA22_all	AA59-Tumor-SM-EUVH6
Cum_TSCA22_all	AA66-Tumor-SM-F29RQ
Cum_TSCA22_all	CCLF_AA1003-Tumor-SM-F29RS
Cum_TSCA22_all	CCLF_AA1005-Tumor-SM-F29RT
Cum_TSCA22_all	CCLF_AA1008-Tumor-SM-F29RU
Cum_TSCA22_all	AA40-Tumor-SM-F67ES
Cum_TSCA22_all	AA44-Normal-SM-F67ET
Cum_TSCA22_all	AA55-Tumor-SM-F67F6
Cum_TSCA22_all	AA59-Tumor-SM-F67FV
Cum_TSCA22_all	CCLF_AA1012-Tumor-SM-F67DF
Cum_TSCA22_all	CCLF_AA1015-Tumor-SM-F67F7
Cum_TSCA22_all	CCLF_AA1016-Tumor-SM-F67FJ
Cum_TSCA22_all	CCLF_AA1017-Tumor-SM-F67EI
Cum_TSCA22_all	AA53-Tumor-SM-GBJ9E
Cum_TSCA22_all	AA55-Tumor-SM-GBJBF
Cum_TSCA22_all	AA56-Tumor-SM-GBJ92
Cum_TSCA22_all	CCLF_AA1016-Tumor-SM-GBJAG
Cum_TSCA22_all	CCLF_AA1019-Tumor-SM-GBJ91
Cum_TSCA22_all	CCLF_AA1022-Tumor-SM-GBJ9T
Cum_TSCA22_all	CCLF_AA1023-Tumor-SM-GBJ9H
Cum_TSCA22_all	CCLF_AA1024-Tumor-SM-GBJ93
Cum_TSCA22_all	CCLF_AA1026-Tumor-SM-GBJ9N
Cum_TSCA22_all	AA53-Tumor-SM-GBJAU
Cum_TSCA22_all	AA53-Tumor-SM-GL7LQ
Cum_TSCA22_all	AA61-Tumor-SM-GL7LF
Cum_TSCA22_all	CCLF_AA1005-Tumor-SM-GL7NT
Cum_TSCA22_all	CCLF_AA1005-Tumor-SM-GL7LE
Cum_TSCA22_all	CCLF_AA1024-Tumor-SM-GL7LL
Cum_TSCA22_all	CCLF_AA1001-Tumor-SM-GL7N2
Cum_TSCA22_all	CCLF_AA1038-Tumor-SM-GL7NJ
Cum_TSCA22_all	CCLF_AA1040-Tumor-SM-GL7MW
Cum_TSCA22_all	AB044-Tumor-SM-D4L2M
Cum_TSCA22_all	AB035-Tumor-SM-DB3R5
Cum_TSCA22_all	AB055-Tumor-SM-DB2IN
Cum_TSCA22_all	AB056-Normal-SM-DB2JM
Cum_TSCA22_all	AB056-Tumor-SM-DB2JY
Cum_TSCA22_all	AB057-Tumor-SM-DB3R2
Cum_TSCA22_all	AB058-Tumor-SM-DHZ6B
Cum_TSCA22_all	AB053-Tumor-SM-DNUMO
Cum_TSCA22_all	AB053-Tumor-SM-E7S1O
Cum_TSCA22_all	AB053-Tumor-SM-E7S1C
Cum_TSCA22_all	AB058-Tumor-SM-E7RZU
Cum_TSCA22_all	AB059-Tumor-SM-EUVGV
Cum_TSCA22_all	CCLF_AB1008-Tumor-SM-EUVHO
Cum_TSCA22_all	AB053-Tumor-SM-F29RR
Cum_TSCA22_all	CCLF_AB1008-Tumor-SM-F29RV
Cum_TSCA22_all	CCLF_AB1012-Tumor-SM-F67ED
Cum_TSCA22_all	CCLF_AB1014-Tumor-SM-F67DS
Cum_TSCA22_all	CCLF_AB1015-Tumor-SM-F67E5
Cum_TSCA22_all	CCLF_AB1017-Tumor-SM-F67EU
Cum_TSCA22_all	AB059-Tumor-SM-GBJAS
Cum_TSCA22_all	AB059-Tumor-SM-GBJ9G
Cum_TSCA22_all	CCLF_AB1021-Tumor-SM-GBJ9P
Cum_TSCA22_all	CCLF_AB1022-Tumor-SM-GBJAQ
Cum_TSCA22_all	CCLF_AB1025-Tumor-SM-GBJBH
Cum_TSCA22_all	CCLF_AB1026-Tumor-SM-GBJ96
Cum_TSCA22_all	CCLF_AB1004-Tumor-SM-GL7M3
Cum_TSCA22_all	CCLF_AB1013-Tumor-SM-GL7MQ
Cum_TSCA22_all	CCLF_AB1016-Tumor-SM-GL7LD
Cum_TSCA22_all	CCLF_AB1017-Tumor-SM-GL7MG
Cum_TSCA22_all	CCLF_AB1018-Tumor-SM-GL7NF
Cum_TSCA22_all	CCLF_AB1027-Tumor-SM-GL7LO
Cum_TSCA22_all	CCLF_AB1028-Tumor-SM-GL7NV
Cum_TSCA22_all	CCLF_AB1027-Tumor-SM-GL7LI
Cum_TSCA22_all	CCLF_AB1030-Tumor-SM-GL7LV
Cum_TSCA22_all	CCLF_AB1031-Tumor-SM-GL7M8
Cum_TSCA22_all	CCLF_AB1032-Tumor-SM-GL7NW
Cum_TSCA22_all	ANGMCSS-Tumor-SM-D4L2G
Cum_TSCA22_all	CHLA200-Tumor-SM-CNN37
Cum_TSCA22_all	COGAR359-Tumor-SM-CNN4H
Cum_TSCA22_all	COGH430-Tumor-SM-CNN2V
Cum_TSCA22_all	GIMEN-Tumor-SM-D4L3E
Cum_TSCA22_all	H103-Tumor-SM-D4L41
Cum_TSCA22_all	H157-Tumor-SM-D4L34
Cum_TSCA22_all	MB1-Tumor-SM-D4L33
Cum_TSCA22_all	OACM51-Tumor-SM-D4L3P
Cum_TSCA22_all	OCIC5x-Tumor-SM-D4L2S
Cum_TSCA22_all	OCIP8p-Tumor-SM-D4L4C
Cum_TSCA22_all	OV17R-Tumor-SM-D4L24
Cum_TSCA22_all	PACADD165-Tumor-SM-D4L2R
Cum_TSCA22_all	PACADD183-Tumor-SM-D4L2F
Cum_TSCA22_all	SW13-Tumor-SM-CNN4R
Cum_TSCA22_all	SW756-Tumor-SM-D4L23
Cum_TSCA22_all	SW954-Tumor-SM-D4L3F
Cum_TSCA22_all	UMUC9-Tumor-SM-CNN38
Cum_TSCA22_all	LAN6-Tumor-SM-DB2K5
Cum_TSCA22_all	NCIH2135H2135-Tumor-SM-DB2JG
Cum_TSCA22_all	NCIH847H847-Tumor-SM-DB2J4
Cum_TSCA22_all	OCIP5x-Tumor-SM-DB2JS
Cum_TSCA22_all	BICR78-Tumor-SM-DHZ79
Cum_TSCA22_all	JOPACA1-Tumor-SM-DHZ5I
Cum_TSCA22_all	LAN2-Tumor-SM-DHZ6W
Cum_TSCA22_all	MDAMB330-Tumor-SM-DHZ78
Cum_TSCA22_all	PACADD119-Tumor-SM-DHZ6U
Cum_TSCA22_all	PACADD135-Tumor-SM-DHZ77
Cum_TSCA22_all	PACADD137-Tumor-SM-DHZ7K
Cum_TSCA22_all	PACADD159-Tumor-SM-DHZ67
Cum_TSCA22_all	PACADD161-Tumor-SM-DHZ6V
Cum_TSCA22_all	PACADD188-Tumor-SM-DHZ5V
Cum_TSCA22_all	RO82W1-Tumor-SM-DHZ5J
Cum_TSCA22_all	SUM149PT-Tumor-SM-DHZ6J
Cum_TSCA22_all	SUM159PT-Tumor-SM-DHZ5U
Cum_TSCA22_all	SUM229PE-Tumor-SM-DHZ57
Cum_TSCA22_all	SW156-Tumor-SM-DHZ56
Cum_TSCA22_all	TO14-Tumor-SM-DHZ68
Cum_TSCA22_all	VP229-Tumor-SM-DHZ6K
Cum_TSCA22_all	VP303-Tumor-SM-DHZ7J
Cum_TSCA22_all	BT1008-Tumor-SM-D4L45
Cum_TSCA22_all	BT922-Tumor-SM-D4L1W
Cum_TSCA22_all	BT923-Tumor-SM-D4L3W
Cum_TSCA22_all	BT950-Tumor-SM-D4L48
Cum_TSCA22_all	BT961-Tumor-SM-D4L3C
Cum_TSCA22_all	BT972-Tumor-SM-D4L3Y
Cum_TSCA22_all	BT1009-Tumor-SM-DB2HZ
Cum_TSCA22_all	BT1010-Tumor-SM-DB2K1
Cum_TSCA22_all	BT1011-Tumor-SM-DB2HX
Cum_TSCA22_all	BT1012-Tumor-SM-DB2IA
Cum_TSCA22_all	BT1015-Tumor-SM-DB2IM
Cum_TSCA22_all	BT1016-Tumor-SM-DB2IY
Cum_TSCA22_all	BT1018-Tumor-SM-DB2IX
Cum_TSCA22_all	BT1019-Tumor-SM-DB2JB
Cum_TSCA22_all	BT1022-Tumor-SM-DB2JE
Cum_TSCA22_all	BT1023-Tumor-SM-DB2J2
Cum_TSCA22_all	BT924-Tumor-SM-DB2JA
Cum_TSCA22_all	BT924-Tumor-SM-DB2ID
Cum_TSCA22_all	BT953-Tumor-SM-DB2K2
Cum_TSCA22_all	BT961-Tumor-SM-DB2I9
Cum_TSCA22_all	BT987-Tumor-SM-DB2IL
Cum_TSCA22_all	BT1008-Tumor-SM-DHZ75
Cum_TSCA22_all	BT1008-Tumor-SM-DHZ5R
Cum_TSCA22_all	BT1009-Tumor-SM-DHZ7D
Cum_TSCA22_all	BT1009-Tumor-SM-DHZ71
Cum_TSCA22_all	BT1011-Tumor-SM-DHZ5F
Cum_TSCA22_all	BT1012-Tumor-SM-DHZ95
Cum_TSCA22_all	BT1019-Tumor-SM-DHZ6G
Cum_TSCA22_all	BT1019-Tumor-SM-DHZ5S
Cum_TSCA22_all	BT1033-Tumor-SM-DHZ7C
Cum_TSCA22_all	BT1035-Tumor-SM-DHZ4Y
Cum_TSCA22_all	BT1037-Tumor-SM-DHZ5B
Cum_TSCA22_all	BT1038-Tumor-SM-DHZ5N
Cum_TSCA22_all	BT1042-Tumor-SM-DHZ64
Cum_TSCA22_all	BT1044-Tumor-SM-DHZ52
Cum_TSCA22_all	BT952-Tumor-SM-DHZ5A
Cum_TSCA22_all	BT987-Tumor-SM-DHZ7B
Cum_TSCA22_all	BT987-Tumor-SM-DHZ5G
Cum_TSCA22_all	BT990-Tumor-SM-DHZ6Z
Cum_TSCA22_all	BT992-Tumor-SM-DHZ7H
Cum_TSCA22_all	CCLF_KL1001-Tumor-SM-DHZ7G
Cum_TSCA22_all	CCLF_KL1002-Tumor-SM-DHZ5E
Cum_TSCA22_all	BT1011-Tumor-SM-DNUNI
Cum_TSCA22_all	BT1015-Tumor-SM-DNULF
Cum_TSCA22_all	BT1018-Tumor-SM-DNULG
Cum_TSCA22_all	BT1037-Tumor-SM-DNUNG
Cum_TSCA22_all	BT1038-Tumor-SM-DNUMR
Cum_TSCA22_all	BT954-Tumor-SM-DO3CX
Cum_TSCA22_all	BT970-Tumor-SM-DNUM8
Cum_TSCA22_all	BT990-Tumor-SM-DO3D1
Cum_TSCA22_all	BT1038-Tumor-SM-E7S2P
Cum_TSCA22_all	BT970-Tumor-SM-E7RZC
Cum_TSCA22_all	CCLF_KL1014-Tumor-SM-E7RZV
Cum_TSCA22_all	CCLF_Kl1015-Tumor-SM-E7S18
Cum_TSCA22_all	CCLF_Kl1016-Tumor-SM-E7S1K
Cum_TSCA22_all	CCLF_KL1017-Tumor-SM-E7S1W
Cum_TSCA22_all	CCLF_KL1019-Tumor-SM-E7S29
Cum_TSCA22_all	CCLF_KL1020-Tumor-SM-E7S2L
Cum_TSCA22_all	CCLF_KL1021-Tumor-SM-E7RZ8
Cum_TSCA22_all	CCLF_KL1022-Tumor-SM-E7RZK
Cum_TSCA22_all	CCLF_KL1023-Tumor-SM-E7RZW
Cum_TSCA22_all	CCLF_KL1024-Tumor-SM-E7S19
Cum_TSCA22_all	CCLF_KL1025-Tumor-SM-E7S1L
Cum_TSCA22_all	BT1009-Tumor-SM-EUVFS
Cum_TSCA22_all	BT1016-Tumor-SM-EUVG5
Cum_TSCA22_all	CCLF_KL1020-Tumor-SM-EUVHV
Cum_TSCA22_all	CCLF_KL1026-Tumor-SM-EUVHA
Cum_TSCA22_all	CCLF_KL1029-Tumor-SM-EUVH9
Cum_TSCA22_all	CCLF_KL1030-Tumor-SM-EUVG9
Cum_TSCA22_all	CCLF_KL1031-Tumor-SM-EUVHY
Cum_TSCA22_all	CCLF_KL1032-Tumor-SM-EUVFL
Cum_TSCA22_all	CCLF_KL1034-Tumor-SM-EUVGW
Cum_TSCA22_all	CCLF_KL1035-Tumor-SM-EUVGX
Cum_TSCA22_all	CCLF_KL1037-Tumor-SM-EUVHM
Cum_TSCA22_all	CCLF_KL1040-Tumor-SM-EUVFM
Cum_TSCA22_all	CCLF_KL1041-Tumor-SM-EUVGB
Cum_TSCA22_all	CCLF_KL1053-Tumor-SM-EUVGZ
Cum_TSCA22_all	CCLF_KL1006-Tumor-SM-F29RY
Cum_TSCA22_all	CCLF_KL1017-Tumor-SM-F29S1
Cum_TSCA22_all	CCLF_KL1017-Tumor-SM-F29RZ
Cum_TSCA22_all	BT630-Tumor-SM-F67DI
Cum_TSCA22_all	BT658-Tumor-SM-F67EQ
Cum_TSCA22_all	BT658-Tumor-SM-F67DJ
Cum_TSCA22_all	BT659-Tumor-SM-F67F3
Cum_TSCA22_all	BT659-Tumor-SM-F67FZ
Cum_TSCA22_all	BT671-Tumor-SM-F67ER
Cum_TSCA22_all	BT671-Tumor-SM-F67EB
Cum_TSCA22_all	BT680-Tumor-SM-F67FG
Cum_TSCA22_all	BT680-Tumor-SM-F67FO
Cum_TSCA22_all	BT682-Tumor-SM-F67FS
Cum_TSCA22_all	BT722-Tumor-SM-F67DN
Cum_TSCA22_all	BT758-Tumor-SM-F67FE
Cum_TSCA22_all	BT759-Tumor-SM-F67FQ
Cum_TSCA22_all	BT785-Tumor-SM-F67E2
Cum_TSCA22_all	BT841-Tumor-SM-F67EE
Cum_TSCA22_all	CCLF_KL1014-Tumor-SM-F67FD
Cum_TSCA22_all	CCLF_KL1058-Tumor-SM-F67FR
Cum_TSCA22_all	CCLF_KL1058-Tumor-SM-F67FT
Cum_TSCA22_all	BT1016-Tumor-SM-GBJ9Q
Cum_TSCA22_all	BT1160-Tumor-SM-GBJBE
Cum_TSCA22_all	BT1160-Tumor-SM-GBJ9C
Cum_TSCA22_all	BT869-Tumor-SM-GBJ9O
Cum_TSCA22_all	CCLF_KL1068-Tumor-SM-GBJBJ
Cum_TSCA22_all	CCLF_KL1073-Tumor-SM-GBJBG
Cum_TSCA22_all	CCLF_KL1075-Tumor-SM-GBJAR
Cum_TSCA22_all	CCLF_KL1076-Tumor-SM-GBJB5
Cum_TSCA22_all	CCLF_KL1077-Tumor-SM-GBJB7
Cum_TSCA22_all	CCLF_KL1100-Tumor-SM-GBJ9U
Cum_TSCA22_all	CCLF_KL1101-Tumor-SM-GBJ9I
Cum_TSCA22_all	SUDIPGIV-Tumor-SM-GBJB2
Cum_TSCA22_all	SUDIPGXIII-Tumor-SM-GBJA1
Cum_TSCA22_all	SUDIPGXVII-Tumor-SM-GBJAD
Cum_TSCA22_all	SUDIPGXXV-Tumor-SM-GBJAP
Cum_TSCA22_all	CCLF_KL1023-Tumor-SM-GL7LG
Cum_TSCA22_all	CCLF_KL1051-Tumor-SM-GL7NR
Cum_TSCA22_all	CCLF_KL1051-Tumor-SM-GL7NH
Cum_TSCA22_all	CCLF_KL1058-Tumor-SM-GL7NK
Cum_TSCA22_all	CCLF_KL1073-Tumor-SM-GL7LP
Cum_TSCA22_all	CCLF_KL1075-Tumor-SM-GL7MF
Cum_TSCA22_all	CCLF_KL1076-Tumor-SM-GL7M7
Cum_TSCA22_all	CCLF_KL1077-Tumor-SM-GL7N3
Cum_TSCA22_all	CCLF_KL1082-Tumor-SM-GL7NP
Cum_TSCA22_all	CCLF_KL1089-Tumor-SM-GL7MU
Cum_TSCA22_all	CCLF_KL1091-Tumor-SM-GL7MP
Cum_TSCA22_all	CCLF_KL1094-Tumor-SM-GL7MR
Cum_TSCA22_all	CCLF_KL1094-Tumor-SM-GL7M6
Cum_TSCA22_all	CCLF_KL1095-Tumor-SM-GL7MS
Cum_TSCA22_all	CCLF_KL1097-Tumor-SM-GL7M4
Cum_TSCA22_all	CCLF_KL1103-Tumor-SM-GL7N8
Cum_TSCA22_all	CCLF_KL1104-Tumor-SM-GL7MV
Cum_TSCA22_all	CCLF_KL1107-Tumor-SM-GL7N9
Cum_TSCA22_all	CCLF_KL1112-Tumor-SM-GL7MJ
Cum_TSCA22_all	CCLF_KL1113-Tumor-SM-GL7NE
Cum_TSCA22_all	CCLF_KL1115-Tumor-SM-GL7LU
Cum_TSCA22_all	CCLF_KL1117-Tumor-SM-GL7MO
Cum_TSCA22_all	CCLF_KL1119-Tumor-SM-GL7N1
Cum_TSCA22_all	CCLF_KL1120-Tumor-SM-GL7MI
Cum_TSCA22_all	CCLF_KL1121-Tumor-SM-GL7O2
Cum_TSCA22_all	CCLF_KL1122-Tumor-SM-GL7N7
Cum_TSCA22_all	CCLF_KL1124-Tumor-SM-GL7ND
Cum_TSCA22_all	CO001-Tumor-SM-D4L3V
Cum_TSCA22_all	CO002-Tumor-SM-D4L47
Cum_TSCA22_all	CO003-Tumor-SM-D4L1Y
Cum_TSCA22_all	CO004-Tumor-SM-D4L3B
Cum_TSCA22_all	CO005-Tumor-SM-D4L2P
Cum_TSCA22_all	CO006-Tumor-SM-D4L7Q
Cum_TSCA22_all	CO007-Tumor-SM-D4L49
Cum_TSCA22_all	CO001-Tumor-SM-DB2JH
Cum_TSCA22_all	CO002-Tumor-SM-DB2KH
Cum_TSCA22_all	CO003-Tumor-SM-DB2J5
Cum_TSCA22_all	CO005-Tumor-SM-DB2IS
Cum_TSCA22_all	CO007-Tumor-SM-DB2IG
Cum_TSCA22_all	CO008-Tumor-SM-DB2I4
Cum_TSCA22_all	CO008-Tumor-SM-DB3R8
Cum_TSCA22_all	CO001-Tumor-SM-DNUN1
Cum_TSCA22_all	CO002-Tumor-SM-DNUND
Cum_TSCA22_all	CO003-Tumor-SM-DNUNP
Cum_TSCA22_all	CO004-Tumor-SM-DNULC
Cum_TSCA22_all	CO005-Tumor-SM-DNULO
Cum_TSCA22_all	CO006-Tumor-SM-DNUM1
Cum_TSCA22_all	CO007-Tumor-SM-DNUMD
Cum_TSCA22_all	CO008-Tumor-SM-DNUMP
Cum_TSCA22_all	CO001-Tumor-SM-E7RZZ
Cum_TSCA22_all	CO004-Tumor-SM-E7RZO
Cum_TSCA22_all	CO006-Tumor-SM-E7S2O
Cum_TSCA22_all	CO006-Tumor-SM-E7S2C
Cum_TSCA22_all	CO007-Tumor-SM-E7RZN
Cum_TSCA22_all	CO007-Tumor-SM-E7RZB
Cum_TSCA22_all	CY004-Tumor-SM-D4L3I
Cum_TSCA22_all	CY007-Tumor-SM-D4L2V
Cum_TSCA22_all	CY010-Tumor-SM-D4L2Z
Cum_TSCA22_all	CY011-Tumor-SM-DB2IB
Cum_TSCA22_all	CY002-Tumor-SM-DHZ5D
Cum_TSCA22_all	CY004-Tumor-SM-DHZ73
Cum_TSCA22_all	CY006-Tumor-SM-DHZ62
Cum_TSCA22_all	CY010-Tumor-SM-DNUN9
Cum_TSCA22_all	CY010-Tumor-SM-DNUMW
Cum_TSCA22_all	CY010-Tumor-SM-DNUMF
Cum_TSCA22_all	CY011-Tumor-SM-DNULH
Cum_TSCA22_all	CY011-Tumor-SM-DNUM6
Cum_TSCA22_all	CY011-Tumor-SM-DNUMJ
Cum_TSCA22_all	CY012-Tumor-SM-EUVHZ
Cum_TSCA22_all	CY014-Tumor-SM-EUVFP
Cum_TSCA22_all	CY012-Tumor-SM-F29SQ
Cum_TSCA22_all	CY013-Tumor-SM-F29SR
Cum_TSCA22_all	CY015-Tumor-SM-F29ST
Cum_TSCA22_all	CY015-Tumor-SM-F29SS
Cum_TSCA22_all	CY012-Tumor-SM-F67E4
Cum_TSCA22_all	CY012-Tumor-SM-F67F2
Cum_TSCA22_all	CY014-Tumor-SM-F67FH
Cum_TSCA22_all	CY014-Tumor-SM-F67DR
Cum_TSCA22_all	CY016-Tumor-SM-F67F5
Cum_TSCA22_all	CY017-Tumor-SM-F67EG
Cum_TSCA22_all	CY013-Tumor-SM-GBJBD
Cum_TSCA22_all	CY016-Tumor-SM-GBJ9F
Cum_TSCA22_all	CY016-Tumor-SM-GBJA5
Cum_TSCA22_all	CY017-Tumor-SM-GBJA4
Cum_TSCA22_all	CY018-Tumor-SM-GBJAV
Cum_TSCA22_all	CY019-Tumor-SM-GBJA6
Cum_TSCA22_all	CY020-Tumor-SM-GBJ9R
Cum_TSCA22_all	CY014-Tumor-SM-GL7ME
Cum_TSCA22_all	CY018-Tumor-SM-GL7N4
Cum_TSCA22_all	CY018-Tumor-SM-GL7M2
Cum_TSCA22_all	CY020-Tumor-SM-GL7LR
Cum_TSCA22_all	CY020-Tumor-SM-GL7NG
Cum_TSCA22_all	CY021-Tumor-SM-GL7MD
Cum_TSCA22_all	DW027-Tumor-SM-CJX4Z
Cum_TSCA22_all	DW031-Tumor-SM-CJX51
Cum_TSCA22_all	DW031-Tumor-SM-CJX52
Cum_TSCA22_all	DW032-Tumor-SM-CJX53
Cum_TSCA22_all	DW033-Tumor-SM-CJX54
Cum_TSCA22_all	DW019-Tumor-SM-DB2KG
Cum_TSCA22_all	DW020-Tumor-SM-DB2IK
Cum_TSCA22_all	DW036-Tumor-SM-DB2K4
Cum_TSCA22_all	DW038-Tumor-SM-DB2I3
Cum_TSCA22_all	DW039-Tumor-SM-DB2IF
Cum_TSCA22_all	DW020-Tumor-SM-DHZ7A
Cum_TSCA22_all	DW020-Tumor-SM-DHZ5W
Cum_TSCA22_all	DW041-Tumor-SM-DHZ66
Cum_TSCA22_all	DW041-Tumor-SM-DHZ5C
Cum_TSCA22_all	DW047-Tumor-SM-EUVHL
Cum_TSCA22_all	DW048-Tumor-SM-EUVFK
Cum_TSCA22_all	DW049-Tumor-SM-EUVHX
Cum_TSCA22_all	DW051-Tumor-SM-F29SU
Cum_TSCA22_all	EH014-Normal-SM-D4L35
Cum_TSCA22_all	EH014-Normal-SM-D4L46
Cum_TSCA22_all	EH014-Normal-SM-D4L27
Cum_TSCA22_all	EH014-Tumor-SM-D4L26
Cum_TSCA22_all	EH014-Tumor-SM-D4L1T
Cum_TSCA22_all	EH014-Tumor-SM-D4L2W
Cum_TSCA22_all	EH015-Normal-SM-D4L2J
Cum_TSCA22_all	EH015-Normal-SM-D4L38
Cum_TSCA22_all	EH015-Normal-SM-D4L2L
Cum_TSCA22_all	EH015-Tumor-SM-D4L1Z
Cum_TSCA22_all	EH015-Tumor-SM-D4L2X
Cum_TSCA22_all	EH015-Tumor-SM-D4L3A
Cum_TSCA22_all	EH015-Tumor-SM-D4L2B
Cum_TSCA22_all	EH016-Normal-SM-D4L2E
Cum_TSCA22_all	EH016-Normal-SM-DB2JP
Cum_TSCA22_all	EH017-Tumor-SM-DB2JO
Cum_TSCA22_all	EH018-Tumor-SM-DB3R1
Cum_TSCA22_all	EH019-Normal-SM-DB2J3
Cum_TSCA22_all	EH019-Tumor-SM-DB3RA
Cum_TSCA22_all	EH020-Normal-SM-DB2IQ
Cum_TSCA22_all	EH020-Tumor-SM-DB3R4
Cum_TSCA22_all	EH014-Tumor-SM-DHZ54
Cum_TSCA22_all	EH016-Normal-SM-DHZ5K
Cum_TSCA22_all	EH016-Normal-SM-DHZ5Q
Cum_TSCA22_all	EH016-Normal-SM-DHZ61
Cum_TSCA22_all	EH016-Normal-SM-DHZ69
Cum_TSCA22_all	EH017-Tumor-SM-DHZ63
Cum_TSCA22_all	EH018-Tumor-SM-DHZ9H
Cum_TSCA22_all	EH019-Normal-SM-DHZ8I
Cum_TSCA22_all	EH019-Tumor-SM-DHZ9T
Cum_TSCA22_all	EH019-Tumor-SM-DHZ7S
Cum_TSCA22_all	EH019-Tumor-SM-DHZA6
Cum_TSCA22_all	EH020-Normal-SM-DHZ8U
Cum_TSCA22_all	EH020-Tumor-SM-DHZ85
Cum_TSCA22_all	EH020-Tumor-SM-DHZ8H
Cum_TSCA22_all	EH020-Tumor-SM-DHZ8T
Cum_TSCA22_all	EH021-Normal-SM-DHZ9J
Cum_TSCA22_all	EH021-Normal-SM-DHZ4X
Cum_TSCA22_all	EH021-Tumor-SM-DHZ9I
Cum_TSCA22_all	EH021-Tumor-SM-DHZ9U
Cum_TSCA22_all	EH021-Tumor-SM-DHZ96
Cum_TSCA22_all	EH021-Tumor-SM-DHZ6Y
Cum_TSCA22_all	EH022-Normal-SM-DHZ97
Cum_TSCA22_all	EH022-Normal-SM-DHZ6N
Cum_TSCA22_all	EH022-Tumor-SM-DHZA7
Cum_TSCA22_all	EH022-Tumor-SM-DHZ5O
Cum_TSCA22_all	EH023-Tumor-SM-DHZ7T
Cum_TSCA22_all	EH023-Tumor-SM-DHZ86
Cum_TSCA22_all	EH017-Tumor-SM-DNUM4
Cum_TSCA22_all	EH024-Tumor-SM-DNUL1
Cum_TSCA22_all	EH024-Tumor-SM-EUVGT
Cum_TSCA22_all	EH026-Normal-SM-F29SV
Cum_TSCA22_all	EH026-Tumor-SM-F29SW
Cum_TSCA22_all	EH027-Normal-SM-F29SX
Cum_TSCA22_all	EH027-Tumor-SM-F29SY
Cum_TSCA22_all	EH028-Tumor-SM-GBJAE
Cum_TSCA22_all	EH029-Normal-SM-GBJAT
Cum_TSCA22_all	EH029-Tumor-SM-GBJB6
Cum_TSCA22_all	EH030-Normal-SM-GBJBI
Cum_TSCA22_all	EH030-Tumor-SM-GBJ95
Cum_TSCA22_all	EH031-Tumor-SM-GL7NX
Cum_TSCA22_all	EH032-Tumor-SM-GL7LK
Cum_TSCA22_all	HG002-Tumor-SM-D4L3T
Cum_TSCA22_all	HG008-Tumor-SM-D4L3O
Cum_TSCA22_all	HG009-Tumor-SM-D4L3D
Cum_TSCA22_all	HG019-Tumor-SM-D4L3Z
Cum_TSCA22_all	HG020-Tumor-SM-D4L2Q
Cum_TSCA22_all	HG001-Tumor-SM-DB2I2
Cum_TSCA22_all	HG002-Tumor-SM-DB2IP
Cum_TSCA22_all	HG002-Tumor-SM-DB2JZ
Cum_TSCA22_all	HG001-Tumor-SM-DHZ5L
Cum_TSCA22_all	HG002-Tumor-SM-DHZ4W
Cum_TSCA22_all	HG003-Tumor-SM-DHZ59
Cum_TSCA22_all	HG005-Tumor-SM-DHZ5Z
Cum_TSCA22_all	HG005-Tumor-SM-DHZ5X
Cum_TSCA22_all	HG006-Tumor-SM-DHZ6M
Cum_TSCA22_all	HG011-Tumor-SM-DHZ4Z
Cum_TSCA22_all	HG005-Tumor-SM-DNULV
Cum_TSCA22_all	HG017-Tumor-SM-DNUML
Cum_TSCA22_all	HG017-Tumor-SM-DNULB
Cum_TSCA22_all	HG018-Tumor-SM-DNUMX
Cum_TSCA22_all	HG018-Tumor-SM-DNUNA
Cum_TSCA22_all	HG019-Tumor-SM-DNULN
Cum_TSCA22_all	HG019-Tumor-SM-DNULZ
Cum_TSCA22_all	HG019-Tumor-SM-E7RZH
Cum_TSCA22_all	HG019-Tumor-SM-E7RZT
Cum_TSCA22_all	HG017-Tumor-SM-EUVH3
Cum_TSCA22_all	HG017-Tumor-SM-F29SZ
Cum_TSCA22_all	HG018-Tumor-SM-F29T1
Cum_TSCA22_all	HG017-Tumor-SM-F67DO
Cum_TSCA22_all	HG018-Tumor-SM-GL7NY
Cum_TSCA22_all	HG018-Tumor-SM-GL7MK
Cum_TSCA22_all	JL54-Normal-SM-D4L3X
Cum_TSCA22_all	JL54-Tumor-SM-D4L2D
Cum_TSCA22_all	JL58-Normal-SM-D4L4B
Cum_TSCA22_all	JL58-Tumor-SM-D4L32
Cum_TSCA22_all	JL56-Tumor-SM-DB2HT
Cum_TSCA22_all	JL57-Tumor-SM-DB2K7
Cum_TSCA22_all	JL58-Normal-SM-DB2JJ
Cum_TSCA22_all	JL58-Tumor-SM-DB2J7
Cum_TSCA22_all	JL58-Tumor-SM-DB2K8
Cum_TSCA22_all	JL59-Normal-SM-DB2J6
Cum_TSCA22_all	JL60-Tumor-SM-DB2JU
Cum_TSCA22_all	JL61-Normal-SM-DB2JI
Cum_TSCA22_all	JL61-Tumor-SM-DB2IT
Cum_TSCA22_all	JL56-Tumor-SM-DHZ6A
Cum_TSCA22_all	JL59-Normal-SM-DHZ6R
Cum_TSCA22_all	JL59-Normal-SM-DHZ6D
Cum_TSCA22_all	JL62-Normal-SM-DHZ6L
Cum_TSCA22_all	JL62-Tumor-SM-DHZ6X
Cum_TSCA22_all	JL57-Normal-SM-DNULJ
Cum_TSCA22_all	JL58-Normal-SM-DNUN8
Cum_TSCA22_all	JL60-Tumor-SM-DNUL7
Cum_TSCA22_all	JL61-Normal-SM-DNUNK
Cum_TSCA22_all	JL61-Normal-SM-DNUMV
Cum_TSCA22_all	JL61-Tumor-SM-DNULD
Cum_TSCA22_all	JL61-Tumor-SM-DNUL2
Cum_TSCA22_all	CCLF_JL1001-Normal-SM-E7S2K
Cum_TSCA22_all	CCLF_JL1001-Tumor-SM-E7RZ7
Cum_TSCA22_all	CCLF_JL1002-Tumor-SM-E7RZJ
Cum_TSCA22_all	JL62-Tumor-SM-E7RZ6
Cum_TSCA22_all	CCLF_JL1001-Normal-SM-EUVH5
Cum_TSCA22_all	CCLF_JL1001-Normal-SM-EUVFR
Cum_TSCA22_all	CCLF_JL1001-Tumor-SM-EUVHJ
Cum_TSCA22_all	CCLF_JL1001-Tumor-SM-EUVG4
Cum_TSCA22_all	CCLF_JL1001-Tumor-SM-EUVGS
Cum_TSCA22_all	CCLF_JL1001-Tumor-SM-EUVGG
Cum_TSCA22_all	CCLF_JL1002-Tumor-SM-F29RW
Cum_TSCA22_all	CCLF_JL1002-Tumor-SM-F29RX
Cum_TSCA22_all	JL36-Tumor-SM-F29T2
Cum_TSCA22_all	CCLF_JL1003-Tumor-SM-F67EH
Cum_TSCA22_all	CCLF_JL1003-Tumor-SM-GBJB4
Cum_TSCA22_all	JL62-Normal-SM-GBJAO
Cum_TSCA22_all	JNT100-Tumor-SM-D1849
Cum_TSCA22_all	JNT101-Tumor-SM-D184A
Cum_TSCA22_all	JNT102-Tumor-SM-D184B
Cum_TSCA22_all	JNT103-Tumor-SM-D184C
Cum_TSCA22_all	JNT104-Tumor-SM-D184D
Cum_TSCA22_all	JNT105-Tumor-SM-D184E
Cum_TSCA22_all	JNT106-Tumor-SM-D184F
Cum_TSCA22_all	JNT107-Tumor-SM-D184G
Cum_TSCA22_all	JNT108-Tumor-SM-D184H
Cum_TSCA22_all	JNT109-Tumor-SM-D184I
Cum_TSCA22_all	JNT110-Tumor-SM-D184J
Cum_TSCA22_all	JNT111-Tumor-SM-D184K
Cum_TSCA22_all	JNT112-Tumor-SM-D184L
Cum_TSCA22_all	JNT113-Tumor-SM-D184M
Cum_TSCA22_all	JNT114-Tumor-SM-D184N
Cum_TSCA22_all	JNT115-Tumor-SM-D184O
Cum_TSCA22_all	JNT116-Tumor-SM-D184P
Cum_TSCA22_all	JNT117-Tumor-SM-D184Q
Cum_TSCA22_all	JNT118-Tumor-SM-D184R
Cum_TSCA22_all	JNT119-Tumor-SM-D184S
Cum_TSCA22_all	JNT120-Tumor-SM-D184T
Cum_TSCA22_all	JNT121-Tumor-SM-D184U
Cum_TSCA22_all	JNT122-Tumor-SM-D184V
Cum_TSCA22_all	JNT123-Tumor-SM-D184W
Cum_TSCA22_all	JNT124-Tumor-SM-D184X
Cum_TSCA22_all	JNT125-Tumor-SM-D184Y
Cum_TSCA22_all	JNT126-Tumor-SM-D184Z
Cum_TSCA22_all	JNT127-Tumor-SM-D1851
Cum_TSCA22_all	JNT128-Tumor-SM-D1852
Cum_TSCA22_all	JNT129-Tumor-SM-D1853
Cum_TSCA22_all	JNT130-Tumor-SM-D1854
Cum_TSCA22_all	JNT131-Tumor-SM-D1855
Cum_TSCA22_all	JNT132-Tumor-SM-D1856
Cum_TSCA22_all	JNT133-Tumor-SM-D1857
Cum_TSCA22_all	JNT134-Tumor-SM-D1858
Cum_TSCA22_all	JNT135-Tumor-SM-D1859
Cum_TSCA22_all	JNT136-Tumor-SM-D185A
Cum_TSCA22_all	JNT137-Tumor-SM-D185B
Cum_TSCA22_all	JNT138-Tumor-SM-D185C
Cum_TSCA22_all	JNT49-Tumor-SM-D182S
Cum_TSCA22_all	JNT50-Tumor-SM-D182T
Cum_TSCA22_all	JNT51-Tumor-SM-D182U
Cum_TSCA22_all	JNT52-Tumor-SM-D182V
Cum_TSCA22_all	JNT53-Tumor-SM-D182W
Cum_TSCA22_all	JNT54-Tumor-SM-D182X
Cum_TSCA22_all	JNT55-Tumor-SM-D182Y
Cum_TSCA22_all	JNT56-Tumor-SM-D182Z
Cum_TSCA22_all	JNT57-Tumor-SM-D1831
Cum_TSCA22_all	JNT58-Tumor-SM-D1832
Cum_TSCA22_all	JNT59-Tumor-SM-D1833
Cum_TSCA22_all	JNT60-Tumor-SM-D1834
Cum_TSCA22_all	JNT61-Tumor-SM-D1835
Cum_TSCA22_all	JNT62-Tumor-SM-D1836
Cum_TSCA22_all	JNT63-Tumor-SM-D1837
Cum_TSCA22_all	JNT64-Tumor-SM-D1838
Cum_TSCA22_all	JNT65-Tumor-SM-D1839
Cum_TSCA22_all	JNT66-Tumor-SM-D183A
Cum_TSCA22_all	JNT67-Tumor-SM-D183B
Cum_TSCA22_all	JNT68-Tumor-SM-D183C
Cum_TSCA22_all	JNT69-Tumor-SM-D183D
Cum_TSCA22_all	JNT70-Tumor-SM-D183E
Cum_TSCA22_all	JNT71-Tumor-SM-D183F
Cum_TSCA22_all	JNT72-Tumor-SM-D183G
Cum_TSCA22_all	JNT73-Tumor-SM-D183H
Cum_TSCA22_all	JNT74-Tumor-SM-D183I
Cum_TSCA22_all	JNT75-Tumor-SM-D183J
Cum_TSCA22_all	JNT76-Tumor-SM-D183K
Cum_TSCA22_all	JNT77-Tumor-SM-D183L
Cum_TSCA22_all	JNT78-Tumor-SM-D183M
Cum_TSCA22_all	JNT79-Tumor-SM-D183N
Cum_TSCA22_all	JNT80-Tumor-SM-D183O
Cum_TSCA22_all	JNT81-Tumor-SM-D183P
Cum_TSCA22_all	JNT82-Tumor-SM-D183Q
Cum_TSCA22_all	JNT83-Tumor-SM-D183R
Cum_TSCA22_all	JNT84-Tumor-SM-D183S
Cum_TSCA22_all	JNT85-Tumor-SM-D183T
Cum_TSCA22_all	JNT86-Tumor-SM-D183U
Cum_TSCA22_all	JNT87-Tumor-SM-D183V
Cum_TSCA22_all	JNT88-Tumor-SM-D183W
Cum_TSCA22_all	JNT89-Tumor-SM-D183X
Cum_TSCA22_all	JNT90-Tumor-SM-D183Y
Cum_TSCA22_all	JNT91-Tumor-SM-D183Z
Cum_TSCA22_all	JNT92-Tumor-SM-D1841
Cum_TSCA22_all	JNT93-Tumor-SM-D1842
Cum_TSCA22_all	JNT94-Tumor-SM-D1843
Cum_TSCA22_all	JNT95-Tumor-SM-D1844
Cum_TSCA22_all	JNT96-Tumor-SM-D1845
Cum_TSCA22_all	JNT97-Tumor-SM-D1846
Cum_TSCA22_all	JNT98-Tumor-SM-D1847
Cum_TSCA22_all	JNT99-Tumor-SM-D1848
Cum_TSCA22_all	PEDS071-Tumor-SM-D4L2A
Cum_TSCA22_all	PEDS153-Normal-SM-D4L1X
Cum_TSCA22_all	PEDS153-Tumor-SM-D4L39
Cum_TSCA22_all	PEDS153-Tumor-SM-D4L3G
Cum_TSCA22_all	PEDS163-Tumor-SM-D4L3U
Cum_TSCA22_all	PEDS163-Tumor-SM-D4L36
Cum_TSCA22_all	PEDS165-Normal-SM-D4L3J
Cum_TSCA22_all	PEDS165-Tumor-SM-D4L2U
Cum_TSCA22_all	PEDS165-Tumor-SM-D4L29
Cum_TSCA22_all	PEDS165-Tumor-SM-D4L1U
Cum_TSCA22_all	PEDS165-Tumor-SM-D4L43
Cum_TSCA22_all	PEDS166-Normal-SM-D4L3H
Cum_TSCA22_all	PEDS166-Tumor-SM-D4L2O
Cum_TSCA22_all	PEDS167-Normal-SM-D4L3M
Cum_TSCA22_all	PEDS167-Tumor-SM-D4L31
Cum_TSCA22_all	PEDS168-Normal-SM-D4L28
Cum_TSCA22_all	PEDS168-Normal-SM-D4L44
Cum_TSCA22_all	PEDS168-Tumor-SM-D4L2K
Cum_TSCA22_all	PEDS171-Normal-SM-D4L1V
Cum_TSCA22_all	PEDS171-Normal-SM-D4L21
Cum_TSCA22_all	PEDS171-Normal-SM-D4L3R
Cum_TSCA22_all	PEDS174-Tumor-SM-D4L3K
Cum_TSCA22_all	PEDS174-Tumor-SM-D4L3N
Cum_TSCA22_all	PEDS175-Normal-SM-D4L37
Cum_TSCA22_all	PEDS176-Normal-SM-D4L2I
Cum_TSCA22_all	PEDS176-Tumor-SM-D4L2T
Cum_TSCA22_all	PEDS185-Normal-SM-D4L2Y
Cum_TSCA22_all	PEDS185-Tumor-SM-D4L2N
Cum_TSCA22_all	PEDS186-Tumor-SM-D4L4A
Cum_TSCA22_all	PEDS187-Tumor-SM-D4L22
Cum_TSCA22_all	PEDS190-Normal-SM-D4L3L
Cum_TSCA22_all	PEDS145-Tumor-SM-DB2JV
Cum_TSCA22_all	PEDS153-Normal-SM-DB2IU
Cum_TSCA22_all	PEDS154-Tumor-SM-DB2KC
Cum_TSCA22_all	PEDS157-Normal-SM-DB2I6
Cum_TSCA22_all	PEDS157-Tumor-SM-DB2II
Cum_TSCA22_all	PEDS157-Tumor-SM-DB2HV
Cum_TSCA22_all	PEDS160-Normal-SM-DB2HU
Cum_TSCA22_all	PEDS161-Tumor-SM-DB2KA
Cum_TSCA22_all	PEDS163-Tumor-SM-DB2JC
Cum_TSCA22_all	PEDS166-Normal-SM-DB2I5
Cum_TSCA22_all	PEDS167-Tumor-SM-DB2IE
Cum_TSCA22_all	PEDS167-Tumor-SM-DB2KF
Cum_TSCA22_all	PEDS172-Tumor-SM-DB2K3
Cum_TSCA22_all	PEDS172-Tumor-SM-DB3R7
Cum_TSCA22_all	PEDS172-Tumor-SM-DB2I8
Cum_TSCA22_all	PEDS174-Tumor-SM-DB2JD
Cum_TSCA22_all	PEDS175-Normal-SM-DB2IZ
Cum_TSCA22_all	PEDS175-Tumor-SM-DB2JN
Cum_TSCA22_all	PEDS176-Normal-SM-DB2J8
Cum_TSCA22_all	PEDS176-Tumor-SM-DB3R9
Cum_TSCA22_all	PEDS176-Tumor-SM-DB2JX
Cum_TSCA22_all	PEDS176-Tumor-SM-DB2I7
Cum_TSCA22_all	PEDS177-Normal-SM-DB2IV
Cum_TSCA22_all	PEDS186-Tumor-SM-DB2JK
Cum_TSCA22_all	PEDS191-Tumor-SM-DB2KD
Cum_TSCA22_all	PEDS192-Tumor-SM-DB2J1
Cum_TSCA22_all	PEDS193-Tumor-SM-DB2HY
Cum_TSCA22_all	PEDS194-Normal-SM-DB2IW
Cum_TSCA22_all	PEDS194-Tumor-SM-DB2HW
Cum_TSCA22_all	PEDS195-Tumor-SM-DB3R6
Cum_TSCA22_all	PEDS195-Tumor-SM-DB3R3
Cum_TSCA22_all	PEDS199-Normal-SM-DB2K9
Cum_TSCA22_all	PEDS199-Tumor-SM-DB2JW
Cum_TSCA22_all	CCLF_PEDS1002-Normal-SM-DHZ7F
Cum_TSCA22_all	CCLF_PEDS1002-Tumor-SM-DHZ5P
Cum_TSCA22_all	CCLF_PEDS1003-Tumor-SM-DHZ6Q
Cum_TSCA22_all	CCLF_PEDS1003-Tumor-SM-DHZ6H
Cum_TSCA22_all	CCLF_PEDS1003-Tumor-SM-DHZ6E
Cum_TSCA22_all	CCLF_PEDS1003-Tumor-SM-DHZ74
Cum_TSCA22_all	CCLF_PEDS1004-Tumor-SM-DHZ76
Cum_TSCA22_all	CCLF_PEDS1005-Tumor-SM-DHZ6I
Cum_TSCA22_all	PEDS162-Normal-SM-DHZ7Y
Cum_TSCA22_all	PEDS167-Tumor-SM-DHZA3
Cum_TSCA22_all	PEDS178-Tumor-SM-DHZ8G
Cum_TSCA22_all	PEDS178-Tumor-SM-DHZ8S
Cum_TSCA22_all	PEDS178-Tumor-SM-DHZ9S
Cum_TSCA22_all	PEDS179-Normal-SM-DHZ8Z
Cum_TSCA22_all	PEDS179-Normal-SM-DHZ7N
Cum_TSCA22_all	PEDS179-Tumor-SM-DHZ91
Cum_TSCA22_all	PEDS179-Tumor-SM-DHZA8
Cum_TSCA22_all	PEDS182-Normal-SM-DHZ8O
Cum_TSCA22_all	PEDS182-Normal-SM-DHZA1
Cum_TSCA22_all	PEDS182-Tumor-SM-DHZ9C
Cum_TSCA22_all	PEDS182-Tumor-SM-DHZ8C
Cum_TSCA22_all	PEDS182-Tumor-SM-DHZ9D
Cum_TSCA22_all	PEDS182-Tumor-SM-DHZ8V
Cum_TSCA22_all	PEDS182-Tumor-SM-DHZA5
Cum_TSCA22_all	PEDS184-Tumor-SM-DHZ82
Cum_TSCA22_all	PEDS184-Tumor-SM-DHZ9R
Cum_TSCA22_all	PEDS184-Tumor-SM-DHZ7Q
Cum_TSCA22_all	PEDS184-Tumor-SM-DHZ9F
Cum_TSCA22_all	PEDS184-Tumor-SM-DHZ7P
Cum_TSCA22_all	PEDS184-Tumor-SM-DHZ7R
Cum_TSCA22_all	PEDS184-Tumor-SM-DHZ93
Cum_TSCA22_all	PEDS184-Tumor-SM-DHZ83
Cum_TSCA22_all	PEDS184-Tumor-SM-DHZ84
Cum_TSCA22_all	PEDS186-Tumor-SM-DHZ9Q
Cum_TSCA22_all	PEDS187-Tumor-SM-DHZ87
Cum_TSCA22_all	PEDS192-Tumor-SM-DHZ9E
Cum_TSCA22_all	PEDS192-Tumor-SM-DHZ9P
Cum_TSCA22_all	PEDS192-Tumor-SM-DHZ81
Cum_TSCA22_all	PEDS192-Tumor-SM-DHZA2
Cum_TSCA22_all	PEDS192-Tumor-SM-DHZ9G
Cum_TSCA22_all	PEDS194-Normal-SM-DHZ8P
Cum_TSCA22_all	PEDS194-Normal-SM-DHZ7O
Cum_TSCA22_all	PEDS194-Normal-SM-DHZ92
Cum_TSCA22_all	PEDS194-Normal-SM-DHZ8D
Cum_TSCA22_all	PEDS194-Tumor-SM-DHZA4
Cum_TSCA22_all	PEDS194-Tumor-SM-DHZ8Q
Cum_TSCA22_all	PEDS194-Tumor-SM-DHZ8F
Cum_TSCA22_all	PEDS195-Tumor-SM-DHZ9B
Cum_TSCA22_all	PEDS195-Tumor-SM-DHZ8M
Cum_TSCA22_all	PEDS195-Tumor-SM-DHZ8Y
Cum_TSCA22_all	PEDS195-Tumor-SM-DHZ8A
Cum_TSCA22_all	PEDS195-Tumor-SM-DHZ7L
Cum_TSCA22_all	PEDS195-Tumor-SM-DHZ7X
Cum_TSCA22_all	PEDS195-Tumor-SM-DHZ9O
Cum_TSCA22_all	PEDS195-Tumor-SM-DHZ7Z
Cum_TSCA22_all	PEDS199-Tumor-SM-DHZ8R
Cum_TSCA22_all	PEDS199-Tumor-SM-DHZ8E
Cum_TSCA22_all	PEDS199-Tumor-SM-DHZ8J
Cum_TSCA22_all	PEDS200-Normal-SM-DHZ9Z
Cum_TSCA22_all	PEDS200-Tumor-SM-DHZ7M
Cum_TSCA22_all	PEDS201-Tumor-SM-DHZ94
Cum_TSCA22_all	PEDS201-Tumor-SM-DHZ9V
Cum_TSCA22_all	PEDS201-Tumor-SM-DHZ7U
Cum_TSCA22_all	PEDS201-Tumor-SM-DHZ9N
Cum_TSCA22_all	PEDS203-Normal-SM-DHZ8B
Cum_TSCA22_all	PEDS203-Tumor-SM-DHZ8N
Cum_TSCA22_all	PEDS206-Normal-SM-DHZ4V
Cum_TSCA22_all	PEDS206-Tumor-SM-DHZ58
Cum_TSCA22_all	PEDS207-Normal-SM-DHZ6C
Cum_TSCA22_all	PEDS207-Tumor-SM-DHZ6O
Cum_TSCA22_all	PEDS208-Tumor-SM-DHZ6P
Cum_TSCA22_all	PEDS209-Normal-SM-DHZ7E
Cum_TSCA22_all	PEDS209-Tumor-SM-DHZ51
Cum_TSCA22_all	PEDS210-Tumor-SM-DHZ72
Cum_TSCA22_all	CCLF_PEDS1006-Tumor-SM-DNUMB
Cum_TSCA22_all	CCLF_PEDS1007-Normal-SM-DNULM
Cum_TSCA22_all	CCLF_PEDS1007-Tumor-SM-DNULY
Cum_TSCA22_all	CCLF_PEDS1010-Tumor-SM-DNULU
Cum_TSCA22_all	CCLF_PEDS1012-Tumor-SM-DNUN2
Cum_TSCA22_all	CCLF_PEDS1013-Tumor-SM-DNULR
Cum_TSCA22_all	PEDS021-Tumor-SM-DNUNE
Cum_TSCA22_all	PEDS021-Tumor-SM-DNUNM
Cum_TSCA22_all	PEDS021-Tumor-SM-DNUL9
Cum_TSCA22_all	PEDS102-Tumor-SM-DNUMN
Cum_TSCA22_all	PEDS171-Tumor-SM-DNULI
Cum_TSCA22_all	PEDS171-Tumor-SM-DNUL6
Cum_TSCA22_all	PEDS172-Tumor-SM-DNUM3
Cum_TSCA22_all	PEDS176-Normal-SM-DNUN3
Cum_TSCA22_all	PEDS184-Tumor-SM-DNUNJ
Cum_TSCA22_all	PEDS184-Tumor-SM-DNUL4
Cum_TSCA22_all	PEDS188-Tumor-SM-DNUL3
Cum_TSCA22_all	PEDS188-Tumor-SM-DNUMS
Cum_TSCA22_all	PEDS194-Tumor-SM-DNUM2
Cum_TSCA22_all	PEDS195-Tumor-SM-DNUNH
Cum_TSCA22_all	PEDS196-Normal-SM-DNUN7
Cum_TSCA22_all	PEDS196-Normal-SM-DNULT
Cum_TSCA22_all	PEDS196-Tumor-SM-DNUN5
Cum_TSCA22_all	PEDS196-Tumor-SM-DNUN4
Cum_TSCA22_all	PEDS197-Normal-SM-DNUM7
Cum_TSCA22_all	PEDS199-Normal-SM-DNULP
Cum_TSCA22_all	PEDS200-Normal-SM-DNUMK
Cum_TSCA22_all	PEDS200-Normal-SM-DNUME
Cum_TSCA22_all	PEDS200-Tumor-SM-DNUMU
Cum_TSCA22_all	PEDS200-Tumor-SM-DNUMQ
Cum_TSCA22_all	PEDS202-Tumor-SM-DNULK
Cum_TSCA22_all	PEDS202-Tumor-SM-DNUNN
Cum_TSCA22_all	PEDS202-Tumor-SM-DNULW
Cum_TSCA22_all	PEDS204-Normal-SM-DNUMZ
Cum_TSCA22_all	PEDS204-Tumor-SM-DO3D5
Cum_TSCA22_all	PEDS209-Tumor-SM-DNULE
Cum_TSCA22_all	PEDS209-Tumor-SM-DNULQ
Cum_TSCA22_all	PEDS209-Tumor-SM-DNULA
Cum_TSCA22_all	PEDS211-Normal-SM-DO3D4
Cum_TSCA22_all	PEDS211-Tumor-SM-DNUM5
Cum_TSCA22_all	PEDS211-Tumor-SM-DO3CZ
Cum_TSCA22_all	CCLF_PEDS1004-Tumor-SM-E7S16
Cum_TSCA22_all	CCLF_PEDS1004-Tumor-SM-E7RZ1
Cum_TSCA22_all	CCLF_PEDS1005-Tumor-SM-E7S1I
Cum_TSCA22_all	CCLF_PEDS1006-Tumor-SM-E7RZP
Cum_TSCA22_all	CCLF_PEDS1006-Tumor-SM-E7RZD
Cum_TSCA22_all	CCLF_PEDS1006-Tumor-SM-E7RZY
Cum_TSCA22_all	CCLF_PEDS1007-Normal-SM-E7S12
Cum_TSCA22_all	CCLF_PEDS1007-Normal-SM-E7S1E
Cum_TSCA22_all	CCLF_PEDS1008-Normal-SM-E7S1Q
Cum_TSCA22_all	CCLF_PEDS1008-Normal-SM-E7S23
Cum_TSCA22_all	CCLF_PEDS1008-Tumor-SM-E7S2F
Cum_TSCA22_all	CCLF_PEDS1008-Tumor-SM-E7RZ2
Cum_TSCA22_all	CCLF_PEDS1010-Tumor-SM-E7S1U
Cum_TSCA22_all	CCLF_PEDS1010-Tumor-SM-E7S27
Cum_TSCA22_all	CCLF_PEDS1011-Normal-SM-E7RZE
Cum_TSCA22_all	CCLF_PEDS1011-Tumor-SM-E7RZQ
Cum_TSCA22_all	CCLF_PEDS1012-Tumor-SM-E7S13
Cum_TSCA22_all	CCLF_PEDS1012-Tumor-SM-E7S1F
Cum_TSCA22_all	CCLF_PEDS1012-Tumor-SM-E7S1R
Cum_TSCA22_all	CCLF_PEDS1013-Tumor-SM-E7S1N
Cum_TSCA22_all	CCLF_PEDS1013-Tumor-SM-E7S1B
Cum_TSCA22_all	CCLF_PEDS1014-Tumor-SM-E7S1X
Cum_TSCA22_all	CCLF_PEDS1015-Tumor-SM-E7S2M
Cum_TSCA22_all	CCLF_PEDS1019-Normal-SM-E7S24
Cum_TSCA22_all	CCLF_PEDS1019-Tumor-SM-E7S2G
Cum_TSCA22_all	CCLF_PEDS1020-Normal-SM-E7RZ9
Cum_TSCA22_all	CCLF_PEDS1020-Tumor-SM-E7RZL
Cum_TSCA22_all	CCLF_PEDS1021-Normal-SM-E7RZX
Cum_TSCA22_all	CCLF_PEDS1021-Tumor-SM-E7S1A
Cum_TSCA22_all	CCLF_PEDS1022-Normal-SM-E7RZ3
Cum_TSCA22_all	CCLF_PEDS1022-Tumor-SM-E7RZF
Cum_TSCA22_all	PEDS171-Tumor-SM-E7S11
Cum_TSCA22_all	PEDS187-Normal-SM-E7S1S
Cum_TSCA22_all	PEDS191-Normal-SM-E7S25
Cum_TSCA22_all	PEDS194-Tumor-SM-E7S1D
Cum_TSCA22_all	PEDS195-Tumor-SM-E7S2H
Cum_TSCA22_all	PEDS195-Tumor-SM-E7S28
Cum_TSCA22_all	PEDS196-Tumor-SM-E7RZA
Cum_TSCA22_all	PEDS199-Normal-SM-E7S1P
Cum_TSCA22_all	PEDS204-Tumor-SM-E7RZM
Cum_TSCA22_all	PEDS204-Tumor-SM-E7S2N
Cum_TSCA22_all	PEDS207-Normal-SM-E7RZ4
Cum_TSCA22_all	PEDS207-Tumor-SM-E7S1Z
Cum_TSCA22_all	PEDS207-Tumor-SM-E7RZG
Cum_TSCA22_all	PEDS207-Tumor-SM-E7RZI
Cum_TSCA22_all	PEDS208-Tumor-SM-E7S15
Cum_TSCA22_all	PEDS208-Tumor-SM-E7RZS
Cum_TSCA22_all	PEDS209-Normal-SM-E7S1H
Cum_TSCA22_all	PEDS211-Normal-SM-E7S1T
Cum_TSCA22_all	PEDS211-Tumor-SM-E7S22
Cum_TSCA22_all	PEDS211-Tumor-SM-E7S2E
Cum_TSCA22_all	PEDS222-Normal-SM-E7S2B
Cum_TSCA22_all	CCLF_PEDS1004-Tumor-SM-EUVHQ
Cum_TSCA22_all	CCLF_PEDS1005-Normal-SM-EUVG6
Cum_TSCA22_all	CCLF_PEDS1006-Tumor-SM-EUVHH
Cum_TSCA22_all	CCLF_PEDS1008-Tumor-SM-EUVH8
Cum_TSCA22_all	CCLF_PEDS1008-Tumor-SM-EUVI3
Cum_TSCA22_all	CCLF_PEDS1010-Tumor-SM-EUVFG
Cum_TSCA22_all	CCLF_PEDS1010-Tumor-SM-EUVHT
Cum_TSCA22_all	CCLF_PEDS1011-Tumor-SM-EUVHE
Cum_TSCA22_all	CCLF_PEDS1012-Normal-SM-EUVHI
Cum_TSCA22_all	CCLF_PEDS1013-Tumor-SM-EUVFF
Cum_TSCA22_all	CCLF_PEDS1014-Tumor-SM-EUVH7
Cum_TSCA22_all	CCLF_PEDS1016-Normal-SM-EUVHC
Cum_TSCA22_all	CCLF_PEDS1017-Normal-SM-EUVGN
Cum_TSCA22_all	CCLF_PEDS1018-Tumor-SM-EUVFJ
Cum_TSCA22_all	CCLF_PEDS1019-Normal-SM-EUVGI
Cum_TSCA22_all	CCLF_PEDS1021-Tumor-SM-EUVG7
Cum_TSCA22_all	CCLF_PEDS1021-Tumor-SM-EUVGU
Cum_TSCA22_all	CCLF_PEDS1024-Tumor-SM-EUVGM
Cum_TSCA22_all	CCLF_PEDS1025-Normal-SM-EUVG1
Cum_TSCA22_all	CCLF_PEDS1025-Normal-SM-EUVFO
Cum_TSCA22_all	CCLF_PEDS1025-Normal-SM-EUVG8
Cum_TSCA22_all	CCLF_PEDS1025-Tumor-SM-EUVHD
Cum_TSCA22_all	CCLF_PEDS1025-Tumor-SM-EUVI2
Cum_TSCA22_all	CCLF_PEDS1025-Tumor-SM-EUVHP
Cum_TSCA22_all	CCLF_PEDS1025-Tumor-SM-EUVFV
Cum_TSCA22_all	CCLF_PEDS1026-Normal-SM-EUVH2
Cum_TSCA22_all	CCLF_PEDS1026-Normal-SM-EUVHW
Cum_TSCA22_all	CCLF_PEDS1026-Tumor-SM-EUVGD
Cum_TSCA22_all	CCLF_PEDS1026-Tumor-SM-EUVGP
Cum_TSCA22_all	CCLF_PEDS1026-Tumor-SM-EUVHK
Cum_TSCA22_all	CCLF_PEDS1027-Tumor-SM-EUVFW
Cum_TSCA22_all	CCLF_PEDS1028-Tumor-SM-EUVI1
Cum_TSCA22_all	CCLF_PEDS1029-Normal-SM-EUVH1
Cum_TSCA22_all	CCLF_PEDS1029-Tumor-SM-EUVFZ
Cum_TSCA22_all	CCLF_PEDS1011-Tumor-SM-F29S5
Cum_TSCA22_all	CCLF_PEDS1023-Normal-SM-F29S6
Cum_TSCA22_all	CCLF_PEDS1023-Tumor-SM-F29S7
Cum_TSCA22_all	CCLF_PEDS1025-Normal-SM-F29S8
Cum_TSCA22_all	CCLF_PEDS1025-Tumor-SM-F29S9
Cum_TSCA22_all	CCLF_PEDS1031-Tumor-SM-F29SA
Cum_TSCA22_all	CCLF_PEDS1032-Tumor-SM-F29SB
Cum_TSCA22_all	CCLF_PEDS1033-Normal-SM-F29SD
Cum_TSCA22_all	CCLF_PEDS1033-Normal-SM-F29SC
Cum_TSCA22_all	CCLF_PEDS1033-Tumor-SM-F29SF
Cum_TSCA22_all	CCLF_PEDS1033-Tumor-SM-F29SE
Cum_TSCA22_all	CCLF_PEDS1035-Normal-SM-F29SH
Cum_TSCA22_all	CCLF_PEDS1035-Normal-SM-F29SG
Cum_TSCA22_all	CCLF_PEDS1035-Tumor-SM-F29SI
Cum_TSCA22_all	CCLF_PEDS1035-Tumor-SM-F29SJ
Cum_TSCA22_all	CCLF_PEDS1036-Tumor-SM-F29SK
Cum_TSCA22_all	CCLF_PEDS1010-Tumor-SM-F67EC
Cum_TSCA22_all	CCLF_PEDS1019-Normal-SM-F67EO
Cum_TSCA22_all	CCLF_PEDS1021-Tumor-SM-F67F8
Cum_TSCA22_all	CCLF_PEDS1021-Tumor-SM-F67EV
Cum_TSCA22_all	CCLF_PEDS1022-Tumor-SM-F67DU
Cum_TSCA22_all	CCLF_PEDS1027-Normal-SM-F67E1
Cum_TSCA22_all	CCLF_PEDS1028-Tumor-SM-F67E7
Cum_TSCA22_all	CCLF_PEDS1029-Normal-SM-F67EJ
Cum_TSCA22_all	CCLF_PEDS1029-Tumor-SM-F67FP
Cum_TSCA22_all	CCLF_PEDS1030-Tumor-SM-F67EM
Cum_TSCA22_all	CCLF_PEDS1031-Tumor-SM-F67DV
Cum_TSCA22_all	CCLF_PEDS1031-Tumor-SM-F67E9
Cum_TSCA22_all	CCLF_PEDS1031-Tumor-SM-F67E8
Cum_TSCA22_all	CCLF_PEDS1031-Tumor-SM-F67DW
Cum_TSCA22_all	CCLF_PEDS1031-Tumor-SM-F67EK
Cum_TSCA22_all	CCLF_PEDS1031-Tumor-SM-F67DK
Cum_TSCA22_all	CCLF_PEDS1032-Tumor-SM-F67EY
Cum_TSCA22_all	CCLF_PEDS1032-Tumor-SM-F67DX
Cum_TSCA22_all	CCLF_PEDS1032-Tumor-SM-F67DL
Cum_TSCA22_all	CCLF_PEDS1033-Normal-SM-F67FB
Cum_TSCA22_all	CCLF_PEDS1033-Tumor-SM-F67EA
Cum_TSCA22_all	CCLF_PEDS1033-Tumor-SM-F67G3
Cum_TSCA22_all	CCLF_PEDS1033-Tumor-SM-F67FY
Cum_TSCA22_all	CCLF_PEDS1034-Normal-SM-F67G4
Cum_TSCA22_all	CCLF_PEDS1034-Tumor-SM-F67EF
Cum_TSCA22_all	CCLF_PEDS1035-Tumor-SM-F67DQ
Cum_TSCA22_all	CCLF_PEDS1036-Tumor-SM-F67F4
Cum_TSCA22_all	CCLF_PEDS1036-Tumor-SM-F67FM
Cum_TSCA22_all	CCLF_PEDS1036-Tumor-SM-F67FF
Cum_TSCA22_all	CCLF_PEDS1037-Normal-SM-F67FW
Cum_TSCA22_all	CCLF_PEDS1037-Tumor-SM-F67FK
Cum_TSCA22_all	CCLF_PEDS1039-Tumor-SM-F67EW
Cum_TSCA22_all	CCLF_PEDS1041-Tumor-SM-F67FX
Cum_TSCA22_all	PEDS063-Normal-SM-F67EX
Cum_TSCA22_all	PEDS063-Tumor-SM-F67EL
Cum_TSCA22_all	PEDS105-Tumor-SM-F67FA
Cum_TSCA22_all	PEDS143-Normal-SM-F67F9
Cum_TSCA22_all	PEDS143-Tumor-SM-F67FL
Cum_TSCA22_all	CCLF_PEDS1008-Tumor-SM-GBJAC
Cum_TSCA22_all	CCLF_PEDS1034-Tumor-SM-GBJBL
Cum_TSCA22_all	CCLF_PEDS1034-Tumor-SM-GBJ9K
Cum_TSCA22_all	CCLF_PEDS1038-Tumor-SM-GBJB1
Cum_TSCA22_all	CCLF_PEDS1039-Tumor-SM-GBJ98
Cum_TSCA22_all	CCLF_PEDS1039-Tumor-SM-GBJA8
Cum_TSCA22_all	CCLF_PEDS1041-Tumor-SM-GBJA9
Cum_TSCA22_all	CCLF_PEDS1041-Tumor-SM-GBJAL
Cum_TSCA22_all	CCLF_PEDS1042-Tumor-SM-GBJ9J
Cum_TSCA22_all	CCLF_PEDS1042-Tumor-SM-GBJAI
Cum_TSCA22_all	CCLF_PEDS1044-Tumor-SM-GBJ9M
Cum_TSCA22_all	CCLF_PEDS1045-Tumor-SM-GBJAX
Cum_TSCA22_all	PEDS063-Normal-SM-GBJB9
Cum_TSCA22_all	PEDS063-Tumor-SM-GBJAK
Cum_TSCA22_all	PEDS063-Tumor-SM-GBJ9W
Cum_TSCA22_all	PEDS105-Normal-SM-GBJ9V
Cum_TSCA22_all	PEDS105-Normal-SM-GBJBP
Cum_TSCA22_all	PEDS142-Tumor-SM-GBJAW
Cum_TSCA22_all	CCLF_PEDS1034-Tumor-SM-GL7NB
Cum_TSCA22_all	CCLF_PEDS1040-Normal-SM-GL7O1
Cum_TSCA22_all	CCLF_PEDS1040-Normal-SM-GL7MM
Cum_TSCA22_all	CCLF_PEDS1040-Normal-SM-GL7NC
Cum_TSCA22_all	CCLF_PEDS1040-Tumor-SM-GL7NN
Cum_TSCA22_all	CCLF_PEDS1041-Tumor-SM-GL7MA
Cum_TSCA22_all	CCLF_PEDS1042-Tumor-SM-GL7MN
Cum_TSCA22_all	CCLF_PEDS1042-Tumor-SM-GL7LY
Cum_TSCA22_all	CCLF_PEDS1044-Normal-SM-GL7MY
Cum_TSCA22_all	CCLF_PEDS1045-Tumor-SM-GL7MB
Cum_TSCA22_all	CCLF_PEDS1045-Tumor-SM-GL7LM
Cum_TSCA22_all	CCLF_PEDS1041-Tumor-SM-GL7NZ
Cum_TSCA22_all	CCLF_PEDS1041-Tumor-SM-GL7LZ
Cum_TSCA22_all	CCLF_PEDS1047-Normal-SM-GL7NO
Cum_TSCA22_all	CCLF_PEDS1047-Tumor-SM-GL7MZ
Cum_TSCA22_all	CCLF_PEDS1048-Tumor-SM-GL7LN
Cum_TSCA22_all	CCLF_PEDS1049-Tumor-SM-GL7LX
Cum_TSCA22_all	PM748-Tumor-SM-D4L3S
Cum_TSCA22_all	PM860-Tumor-SM-DB2JT
Cum_TSCA22_all	PM860-Tumor-SM-DB2K6
Cum_TSCA22_all	RCRF002-Tumor-SM-DB2IH
Cum_TSCA22_all	RCRF003-Tumor-SM-DB2KI
Cum_TSCA22_all	CCLF_RCRF004-Normal-SM-DHZ5M
Cum_TSCA22_all	CCLF_RCRF004-Tumor-SM-DHZ5Y
Cum_TSCA22_all	CCLF_RCRF004-Tumor-SM-DNULL
Cum_TSCA22_all	CCLF_RCRF004-Tumor-SM-DNUMY
Cum_TSCA22_all	CCLF_RCRF004-Tumor-SM-DNUMA
Cum_TSCA22_all	CCLF_RCRF004-Tumor-SM-DNUMM
Cum_TSCA22_all	CCLF_RCRF004-Tumor-SM-DNULX
Cum_TSCA22_all	CCLF_RCRF1005-Normal-SM-DNUL8
Cum_TSCA22_all	CCLF_RCRF1005-Tumor-SM-DNUNL
Cum_TSCA22_all	CCLF_RCRF1007-Normal-SM-E7S1M
Cum_TSCA22_all	CCLF_RCRF1007-Tumor-SM-E7S1Y
Cum_TSCA22_all	CCLF_RCRF1006-Tumor-SM-EUVGA
Cum_TSCA22_all	CCLF_RCRF1008-Tumor-SM-EUVFN
Cum_TSCA22_all	CCLF_RCRF1009-Normal-SM-F67FU
Cum_TSCA22_all	CCLF_RCRF1009-Tumor-SM-F67FI
Cum_TSCA22_all	CCLF_RCRF1009-Tumor-SM-GBJBA
Cum_TSCA22_all	CCLF_RCRF1009-Tumor-SM-GBJ99
Cum_TSCA22_all	CCLF_RCRF1009-Tumor-SM-GBJAA
Cum_TSCA22_all	CCLF_RCRF1009-Tumor-SM-GBJBM
Cum_TSCA22_all	CCLF_RCRF1009-Tumor-SM-GBJAY
Cum_TSCA22_all	CCLF_RCRF1009-Tumor-SM-GBJAM
Cum_TSCA22_all	CCLF_RCRF1009-Tumor-SM-GBJ9L
Cum_TSCA22_all	CCLF_RCRF1009-Tumor-SM-GBJ9X
Cum_TSCA22_all	CCLF_RCRF1010-Tumor-SM-GBJB3
Cum_TSCA22_all	CCLF_RCRF1010-Tumor-SM-GBJBB
Cum_TSCA22_all	CCLF_RCRF1010-Tumor-SM-GBJ9A
Cum_TSCA22_all	CCLF_RCRF1010-Tumor-SM-GBJBN
Cum_TSCA22_all	CCLF_RCRF1011-Normal-SM-GBJBC
Cum_TSCA22_all	CCLF_RCRF1011-Tumor-SM-GBJAZ
Cum_TSCA22_all	CCLF_RCRF1012-Normal-SM-GBJAN
Cum_TSCA22_all	CCLF_RCRF1012-Tumor-SM-GBJAB
Cum_TSCA22_all	CCLF_RCRF1014-Normal-SM-GBJ94
Cum_TSCA22_all	CCLF_RCRF1014-Tumor-SM-GBJAH
Cum_TSCA22_all	CCLF_RCRF1015-Normal-SM-GBJ9Z
Cum_TSCA22_all	CCLF_RCRF1015-Tumor-SM-GBJ9S
Cum_TSCA22_all	CCLF_RCRF1016-Normal-SM-GBJBK
Cum_TSCA22_all	CCLF_RCRF1016-Tumor-SM-GBJB8
Cum_TSCA22_all	CCLF_RCRF1017-Normal-SM-GBJAJ
Cum_TSCA22_all	CCLF_RCRF1017-Tumor-SM-GBJA7
Cum_TSCA22_all	CCLF_RCRF1010-Tumor-SM-GL7MX
Cum_TSCA22_all	CCLF_RCRF1010-Tumor-SM-GL7NA
Cum_TSCA22_all	CCLF_RCRF1012-Tumor-SM-GL7MH
Cum_TSCA22_all	CCLF_RCRF1013-Tumor-SM-GL7LW
Cum_TSCA22_all	CCLF_RCRF1013-Tumor-SM-GL7M1
Cum_TSCA22_all	CCLF_RCRF1013-Tumor-SM-GL7ML
Cum_TSCA22_all	CCLF_RCRF1013-Tumor-SM-GL7M9
Cum_TSCA22_all	CCLF_RCRF1014-Tumor-SM-GL7NI
Cum_TSCA22_all	CCLF_RCRF1014-Tumor-SM-GL7LJ
Cum_TSCA22_all	CCLF_RCRF1015-Tumor-SM-GL7N5
Cum_TSCA22_all	CCLF_RCRF1015-Tumor-SM-GL7N6
Cum_TSCA22_all	CCLF_RCRF1015-Tumor-SM-GL7LS
Cum_TSCA22_all	CCLF_RCRF1018-Normal-SM-GL7LT
Cum_TSCA22_all	CCLF_RCRF1018-Tumor-SM-GL7LH
Cum_TSCA22_all	CCLF_RCRF1014-Tumor-SM-GL7MT
Cum_TSCA22_all	TC002-Tumor-SM-DB2IR
Cum_TSCA22_all	TC005-Tumor-SM-DB2IO
Cum_TSCA22_all	TC005-Tumor-SM-DHZ65
Cum_TSCA22_all	TC005-Tumor-SM-DHZ6F
Cum_TSCA22_all	TC005-Tumor-SM-DHZ53
Cum_TSCA22_all	TC007-Normal-SM-DHZ6S
Cum_TSCA22_all	TC007-Tumor-SM-DHZ6T
Cum_TSCA22_all	TC008-Tumor-SM-E7S26
Cum_TSCA22_all	TC010-Tumor-SM-EUVHB
Cum_TSCA22_all	TC012-Tumor-SM-GBJ9Y
Cum_TSCA22_all	TC013-Tumor-SM-GL7NU
Cum_TSCA22_all	GG001-Normal-SM-DHZ8L
Cum_TSCA22_all	GG001-Tumor-SM-DHZ89
Cum_TSCA22_all	GG002-Normal-SM-DHZ8X
Cum_TSCA22_all	GG003-Tumor-SM-DHZ9A
Cum_TSCA22_all	GG004-Normal-SM-DHZ9Y
Cum_TSCA22_all	GG004-Tumor-SM-DHZ9M
Cum_TSCA22_all	CCLF_SS1001-Tumor-SM-DHZ5H
Cum_TSCA22_all	CCLF_SS1001-Tumor-SM-DHZ7I
Cum_TSCA22_all	CCLF_SS1001-Tumor-SM-DHZ55
Cum_TSCA22_all	CCLF_SS1001-Tumor-SM-DHZ5T
Cum_TSCA22_all	CCLF_SS1002-Normal-SM-DNUMI
Cum_TSCA22_all	CCLF_SS1002-Tumor-SM-DNUNC
Cum_TSCA22_all	CCLF_SS1003-Tumor-SM-DNUNO
Cum_TSCA22_all	CCLF_SS1004-Normal-SM-DNUMG
Cum_TSCA22_all	CCLF_SS1004-Tumor-SM-DNUN6
Cum_TSCA22_all	CCLF_SS1005-Tumor-SM-DO7N1
Cum_TSCA22_all	CCLF_SS1003-Normal-SM-E7S2A
Cum_TSCA22_all	CCLF_SS1005-Normal-SM-E7S1G
Cum_TSCA22_all	CCLF_SS1006-Normal-SM-E7RZR
Cum_TSCA22_all	CCLF_SS1006-Tumor-SM-E7S14
Cum_TSCA22_all	CCLF_SS1008-Normal-SM-F29SL
Cum_TSCA22_all	CCLF_SS1008-Tumor-SM-F29SM
Cum_TSCA22_all	CCLF_SS1008-Tumor-SM-F29SN
Cum_TSCA22_all	CCLF_SS1009-Normal-SM-F29SO
Cum_TSCA22_all	CCLF_SS1009-Tumor-SM-F29SP
Cum_TSCA22_all	CCLF_SS1007-Normal-SM-F67EP
Cum_TSCA22_all	CCLF_SS1008-Tumor-SM-GL7MC
Cum_TSCA22_all	CCLF_SS1009-Tumor-SM-GL7NQ
Cum_TSCA22_all	PK044-Tumor-SM-DNUMC
Cum_TSCA22_all	SP022-Tumor-SM-DNUMH
Cum_TSCA22_all	SP022-Tumor-SM-E7S21
Cum_TSCA22_all	SP022-Tumor-SM-E7S2D
Cum_TSCA22_all	SP025-Tumor-SM-EUVFH
Cum_TSCA22_all	SP025-Tumor-SM-EUVHU
Cum_TSCA22_all	SP025-Tumor-SM-EUVFT
Cum_TSCA22_all	SP022-Tumor-SM-F29T3
Cum_TSCA22_all	JB003-Tumor-SM-E7S2J
Cum_TSCA22_all	TC011-Tumor-SM-GBJA2
Cum_TSCA22_all	TC011-Tumor-SM-GL7NS
Cum_TSCA22_all	TC011-Tumor-SM-GL7M5
Cum_TSCA22_all	CCLF_NH1001-Tumor-SM-EUVG2
Cum_TSCA22_all	CCLF_NH1002-Tumor-SM-EUVGO
Cum_TSCA22_all	CCLF_NH1003-Tumor-SM-EUVGC
Cum_TSCA22_all	CCLF_NH1003-Tumor-SM-F29S2
Cum_TSCA22_all	CCLF_NH1004-Tumor-SM-F29S3
Cum_TSCA22_all	CCLF_NH1005-Tumor-SM-F29S4
Cum_TSCA22_all	CCLF_NH1006-Tumor-SM-F67DG
Cum_TSCA22_all	CCLF_NH1006-Tumor-SM-F67DP
Cum_TSCA22_all	CCLF_NH1002-Tumor-SM-GBJ9D
Cum_TSCA22_all	CCLF_NH1003-Tumor-SM-GBJA3
Cum_TSCA22_all	CCLF_NH1005-Tumor-SM-GBJ97
Cum_TSCA22_all	CCLF_NH1006-Tumor-SM-GBJAF
Cum_TSCA22_all	COLO001-Tumor-SM-EUVGL
Cum_TSCA22_all	COLO002-Tumor-SM-EUVGK
Cum_TSCA22_all	COLO006-Tumor-SM-EUVHN
Cum_TSCA22_all	COLO007-Tumor-SM-EUVGE
Cum_TSCA22_all	COLO007-Tumor-SM-EUVGQ
Cum_TSCA22_all	COLO007-Tumor-SM-EUVGY
Cum_TSCA22_all	COLO008-Tumor-SM-EUVFY
Cum_TSCA22_all	COLO008-Tumor-SM-F67E3
Cum_TSCA22_all	COLO008-Tumor-SM-F67F1
Cum_TSCA22_all	COL016-Tumor-SM-GBJ9B
Cum_TSCA22_all	COL016-Tumor-SM-GBJBO
Cum_TSCA22_all	EW012-Tumor-SM-EUVFX
Cum_TSCA22_all	EW012-Tumor-SM-F67FN
Cum_TSCA22_all	EW012-Tumor-SM-F67DY
Cum_TSCA22_all	EW012-Tumor-SM-F67G1
Cum_TSCA22_all	EW012-Tumor-SM-F67EN
Cum_TSCA22_all	EW012-Tumor-SM-F67DZ
Cum_TSCA22_all	EW012-Tumor-SM-F67G2
Cum_TSCA22_all	EW012-Tumor-SM-F67EZ
Cum_TSCA22_all	EW012-Tumor-SM-F67FC
Cum_TSCA22_all	EW012-Tumor-SM-F67DM
Cum_TSCA22_all	EW012-Tumor-SM-GL7NM
Cum_TSCA22_all	ICC10-Tumor-SM-EUVHG
Cum_TSCA22_all	ICC13-Tumor-SM-EUVHS
Cum_TSCA22_all	ICC1-Tumor-SM-EUVHF
Cum_TSCA22_all	ICC2-Tumor-SM-EUVHR
Cum_TSCA22_all	ICC3-Tumor-SM-EUVI4
Cum_TSCA22_all	ICC4-Tumor-SM-EUVFQ
Cum_TSCA22_all	ICC5-Tumor-SM-EUVG3
Cum_TSCA22_all	ICC6-Tumor-SM-EUVGF
Cum_TSCA22_all	ICC7-Tumor-SM-EUVGR
Cum_TSCA22_all	ICC8-Tumor-SM-EUVH4
Cum_TSCA22_all	CCLF_NB0001-Tumor-SM-F67DH
Cum_TSCA22_all	CCLF_NB0002-Tumor-SM-F67E6
Cum_TSCA22_all	CCLF_NB0003-Tumor-SM-F67DT
Cum_TSCA22_all	CCLF_NB1001-Tumor-SM-GL7NL
Cum_TSCA22_all	CSHL_PDAC_1-Tumor-SM-F29T4
Cum_TSCA22_all	CSHL_PDAC_10-Tumor-SM-F29TD
Cum_TSCA22_all	CSHL_PDAC_11-Tumor-SM-F29TE
Cum_TSCA22_all	CSHL_PDAC_12-Tumor-SM-F29TF
Cum_TSCA22_all	CSHL_PDAC_13-Tumor-SM-F29TG
Cum_TSCA22_all	CSHL_PDAC_14-Tumor-SM-F29TH
Cum_TSCA22_all	CSHL_PDAC_15-Tumor-SM-F29TI
Cum_TSCA22_all	CSHL_PDAC_16-Tumor-SM-F29TJ
Cum_TSCA22_all	CSHL_PDAC_17-Tumor-SM-F29TK
Cum_TSCA22_all	CSHL_PDAC_18-Tumor-SM-F29TL
Cum_TSCA22_all	CSHL_PDAC_19-Tumor-SM-F29TM
Cum_TSCA22_all	CSHL_PDAC_2-Tumor-SM-F29T5
Cum_TSCA22_all	CSHL_PDAC_20-Tumor-SM-F29TN
Cum_TSCA22_all	CSHL_PDAC_21-Tumor-SM-F29TO
Cum_TSCA22_all	CSHL_PDAC_22-Tumor-SM-F29TP
Cum_TSCA22_all	CSHL_PDAC_23-Tumor-SM-F29TQ
Cum_TSCA22_all	CSHL_PDAC_24-Tumor-SM-F29TR
Cum_TSCA22_all	CSHL_PDAC_25-Tumor-SM-F29TS
Cum_TSCA22_all	CSHL_PDAC_26-Tumor-SM-F29TT
Cum_TSCA22_all	CSHL_PDAC_27-Tumor-SM-F29TU
Cum_TSCA22_all	CSHL_PDAC_28-Tumor-SM-F29TV
Cum_TSCA22_all	CSHL_PDAC_29-Tumor-SM-F29TW
Cum_TSCA22_all	CSHL_PDAC_3-Tumor-SM-F29T6
Cum_TSCA22_all	CSHL_PDAC_30-Tumor-SM-F29TX
Cum_TSCA22_all	CSHL_PDAC_31-Tumor-SM-F29TZ
Cum_TSCA22_all	CSHL_PDAC_32-Tumor-SM-F29U1
Cum_TSCA22_all	CSHL_PDAC_33-Tumor-SM-F29U2
Cum_TSCA22_all	CSHL_PDAC_34-Tumor-SM-F29U3
Cum_TSCA22_all	CSHL_PDAC_34-Tumor-SM-F29U4
Cum_TSCA22_all	CSHL_PDAC_35-Tumor-SM-F29U5
Cum_TSCA22_all	CSHL_PDAC_36-Tumor-SM-F29U6
Cum_TSCA22_all	CSHL_PDAC_36-Tumor-SM-F29U7
Cum_TSCA22_all	CSHL_PDAC_36-Tumor-SM-F29U8
Cum_TSCA22_all	CSHL_PDAC_37-Tumor-SM-F29U9
Cum_TSCA22_all	CSHL_PDAC_38-Tumor-SM-F29UA
Cum_TSCA22_all	CSHL_PDAC_38-Tumor-SM-F29UB
Cum_TSCA22_all	CSHL_PDAC_38-Tumor-SM-F29UC
Cum_TSCA22_all	CSHL_PDAC_38-Tumor-SM-F29UD
Cum_TSCA22_all	CSHL_PDAC_39-Tumor-SM-F29UE
Cum_TSCA22_all	CSHL_PDAC_4-Tumor-SM-F29T7
Cum_TSCA22_all	CSHL_PDAC_40-Tumor-SM-F29UF
Cum_TSCA22_all	CSHL_PDAC_5-Tumor-SM-F29T8
Cum_TSCA22_all	CSHL_PDAC_5-Tumor-SM-F29TY
Cum_TSCA22_all	CSHL_PDAC_6-Tumor-SM-F29T9
Cum_TSCA22_all	CSHL_PDAC_7-Tumor-SM-F29TA
Cum_TSCA22_all	CSHL_PDAC_8-Tumor-SM-F29TB
Cum_TSCA22_all	CSHL_PDAC_9-Tumor-SM-F29TC
Cum_Tumors_TSCA22_all	AA34-Tumor-SM-D4L25
Cum_Tumors_TSCA22_all	AA36-Tumor-SM-D4L2H
Cum_Tumors_TSCA22_all	AA39-Tumor-SM-D4L3Q
Cum_Tumors_TSCA22_all	AA40-Tumor-SM-D4L42
Cum_Tumors_TSCA22_all	AA24-Tumor-SM-DHZ8W
Cum_Tumors_TSCA22_all	AA25-Tumor-SM-DHZ99
Cum_Tumors_TSCA22_all	AA33-Tumor-SM-DHZ9X
Cum_Tumors_TSCA22_all	AA38-Tumor-SM-DHZ98
Cum_Tumors_TSCA22_all	AA39-Tumor-SM-DHZAA
Cum_Tumors_TSCA22_all	AA40-Tumor-SM-DHZ7W
Cum_Tumors_TSCA22_all	AA42-Tumor-SM-DHZ9W
Cum_Tumors_TSCA22_all	AA43-Tumor-SM-DHZ8K
Cum_Tumors_TSCA22_all	AA45-Tumor-SM-DHZ9K
Cum_Tumors_TSCA22_all	AA46-Tumor-SM-DHZA9
Cum_Tumors_TSCA22_all	AA47-Tumor-SM-DHZ7V
Cum_Tumors_TSCA22_all	AA38-Tumor-SM-E7S17
Cum_Tumors_TSCA22_all	AA42-Tumor-SM-E7S2I
Cum_Tumors_TSCA22_all	AA45-Tumor-SM-E7RZ5
Cum_Tumors_TSCA22_all	AA47-Tumor-SM-E7S1J
Cum_Tumors_TSCA22_all	AA49-Tumor-SM-E7S1V
Cum_Tumors_TSCA22_all	AA49-Tumor-SM-EUVFI
Cum_Tumors_TSCA22_all	AA53-Tumor-SM-EUVFU
Cum_Tumors_TSCA22_all	AA55-Tumor-SM-EUVGJ
Cum_Tumors_TSCA22_all	AA56-Tumor-SM-EUVGH
Cum_Tumors_TSCA22_all	AA59-Tumor-SM-EUVH6
Cum_Tumors_TSCA22_all	AA66-Tumor-SM-F29RQ
Cum_Tumors_TSCA22_all	CCLF_AA1003-Tumor-SM-F29RS
Cum_Tumors_TSCA22_all	CCLF_AA1005-Tumor-SM-F29RT
Cum_Tumors_TSCA22_all	CCLF_AA1008-Tumor-SM-F29RU
Cum_Tumors_TSCA22_all	AA40-Tumor-SM-F67ES
Cum_Tumors_TSCA22_all	AA55-Tumor-SM-F67F6
Cum_Tumors_TSCA22_all	AA59-Tumor-SM-F67FV
Cum_Tumors_TSCA22_all	CCLF_AA1012-Tumor-SM-F67DF
Cum_Tumors_TSCA22_all	CCLF_AA1015-Tumor-SM-F67F7
Cum_Tumors_TSCA22_all	CCLF_AA1016-Tumor-SM-F67FJ
Cum_Tumors_TSCA22_all	CCLF_AA1017-Tumor-SM-F67EI
Cum_Tumors_TSCA22_all	AA53-Tumor-SM-GBJ9E
Cum_Tumors_TSCA22_all	AA55-Tumor-SM-GBJBF
Cum_Tumors_TSCA22_all	AA56-Tumor-SM-GBJ92
Cum_Tumors_TSCA22_all	CCLF_AA1016-Tumor-SM-GBJAG
Cum_Tumors_TSCA22_all	CCLF_AA1019-Tumor-SM-GBJ91
Cum_Tumors_TSCA22_all	CCLF_AA1022-Tumor-SM-GBJ9T
Cum_Tumors_TSCA22_all	CCLF_AA1023-Tumor-SM-GBJ9H
Cum_Tumors_TSCA22_all	CCLF_AA1024-Tumor-SM-GBJ93
Cum_Tumors_TSCA22_all	CCLF_AA1026-Tumor-SM-GBJ9N
Cum_Tumors_TSCA22_all	AA53-Tumor-SM-GBJAU
Cum_Tumors_TSCA22_all	AA53-Tumor-SM-GL7LQ
Cum_Tumors_TSCA22_all	AA61-Tumor-SM-GL7LF
Cum_Tumors_TSCA22_all	CCLF_AA1005-Tumor-SM-GL7NT
Cum_Tumors_TSCA22_all	CCLF_AA1005-Tumor-SM-GL7LE
Cum_Tumors_TSCA22_all	CCLF_AA1024-Tumor-SM-GL7LL
Cum_Tumors_TSCA22_all	CCLF_AA1001-Tumor-SM-GL7N2
Cum_Tumors_TSCA22_all	CCLF_AA1038-Tumor-SM-GL7NJ
Cum_Tumors_TSCA22_all	CCLF_AA1040-Tumor-SM-GL7MW
Cum_Tumors_TSCA22_all	AB044-Tumor-SM-D4L2M
Cum_Tumors_TSCA22_all	AB035-Tumor-SM-DB3R5
Cum_Tumors_TSCA22_all	AB055-Tumor-SM-DB2IN
Cum_Tumors_TSCA22_all	AB056-Tumor-SM-DB2JY
Cum_Tumors_TSCA22_all	AB057-Tumor-SM-DB3R2
Cum_Tumors_TSCA22_all	AB058-Tumor-SM-DHZ6B
Cum_Tumors_TSCA22_all	AB053-Tumor-SM-DNUMO
Cum_Tumors_TSCA22_all	AB053-Tumor-SM-E7S1O
Cum_Tumors_TSCA22_all	AB053-Tumor-SM-E7S1C
Cum_Tumors_TSCA22_all	AB058-Tumor-SM-E7RZU
Cum_Tumors_TSCA22_all	AB059-Tumor-SM-EUVGV
Cum_Tumors_TSCA22_all	CCLF_AB1008-Tumor-SM-EUVHO
Cum_Tumors_TSCA22_all	AB053-Tumor-SM-F29RR
Cum_Tumors_TSCA22_all	CCLF_AB1008-Tumor-SM-F29RV
Cum_Tumors_TSCA22_all	CCLF_AB1012-Tumor-SM-F67ED
Cum_Tumors_TSCA22_all	CCLF_AB1014-Tumor-SM-F67DS
Cum_Tumors_TSCA22_all	CCLF_AB1015-Tumor-SM-F67E5
Cum_Tumors_TSCA22_all	CCLF_AB1017-Tumor-SM-F67EU
Cum_Tumors_TSCA22_all	AB059-Tumor-SM-GBJAS
Cum_Tumors_TSCA22_all	AB059-Tumor-SM-GBJ9G
Cum_Tumors_TSCA22_all	CCLF_AB1021-Tumor-SM-GBJ9P
Cum_Tumors_TSCA22_all	CCLF_AB1022-Tumor-SM-GBJAQ
Cum_Tumors_TSCA22_all	CCLF_AB1025-Tumor-SM-GBJBH
Cum_Tumors_TSCA22_all	CCLF_AB1026-Tumor-SM-GBJ96
Cum_Tumors_TSCA22_all	CCLF_AB1004-Tumor-SM-GL7M3
Cum_Tumors_TSCA22_all	CCLF_AB1013-Tumor-SM-GL7MQ
Cum_Tumors_TSCA22_all	CCLF_AB1016-Tumor-SM-GL7LD
Cum_Tumors_TSCA22_all	CCLF_AB1017-Tumor-SM-GL7MG
Cum_Tumors_TSCA22_all	CCLF_AB1018-Tumor-SM-GL7NF
Cum_Tumors_TSCA22_all	CCLF_AB1027-Tumor-SM-GL7LO
Cum_Tumors_TSCA22_all	CCLF_AB1028-Tumor-SM-GL7NV
Cum_Tumors_TSCA22_all	CCLF_AB1027-Tumor-SM-GL7LI
Cum_Tumors_TSCA22_all	CCLF_AB1030-Tumor-SM-GL7LV
Cum_Tumors_TSCA22_all	CCLF_AB1031-Tumor-SM-GL7M8
Cum_Tumors_TSCA22_all	CCLF_AB1032-Tumor-SM-GL7NW
Cum_Tumors_TSCA22_all	ANGMCSS-Tumor-SM-D4L2G
Cum_Tumors_TSCA22_all	CHLA200-Tumor-SM-CNN37
Cum_Tumors_TSCA22_all	COGAR359-Tumor-SM-CNN4H
Cum_Tumors_TSCA22_all	COGH430-Tumor-SM-CNN2V
Cum_Tumors_TSCA22_all	GIMEN-Tumor-SM-D4L3E
Cum_Tumors_TSCA22_all	H103-Tumor-SM-D4L41
Cum_Tumors_TSCA22_all	H157-Tumor-SM-D4L34
Cum_Tumors_TSCA22_all	MB1-Tumor-SM-D4L33
Cum_Tumors_TSCA22_all	OACM51-Tumor-SM-D4L3P
Cum_Tumors_TSCA22_all	OCIC5x-Tumor-SM-D4L2S
Cum_Tumors_TSCA22_all	OCIP8p-Tumor-SM-D4L4C
Cum_Tumors_TSCA22_all	OV17R-Tumor-SM-D4L24
Cum_Tumors_TSCA22_all	PACADD165-Tumor-SM-D4L2R
Cum_Tumors_TSCA22_all	PACADD183-Tumor-SM-D4L2F
Cum_Tumors_TSCA22_all	SW13-Tumor-SM-CNN4R
Cum_Tumors_TSCA22_all	SW756-Tumor-SM-D4L23
Cum_Tumors_TSCA22_all	SW954-Tumor-SM-D4L3F
Cum_Tumors_TSCA22_all	UMUC9-Tumor-SM-CNN38
Cum_Tumors_TSCA22_all	LAN6-Tumor-SM-DB2K5
Cum_Tumors_TSCA22_all	NCIH2135H2135-Tumor-SM-DB2JG
Cum_Tumors_TSCA22_all	NCIH847H847-Tumor-SM-DB2J4
Cum_Tumors_TSCA22_all	OCIP5x-Tumor-SM-DB2JS
Cum_Tumors_TSCA22_all	BICR78-Tumor-SM-DHZ79
Cum_Tumors_TSCA22_all	JOPACA1-Tumor-SM-DHZ5I
Cum_Tumors_TSCA22_all	LAN2-Tumor-SM-DHZ6W
Cum_Tumors_TSCA22_all	MDAMB330-Tumor-SM-DHZ78
Cum_Tumors_TSCA22_all	PACADD119-Tumor-SM-DHZ6U
Cum_Tumors_TSCA22_all	PACADD135-Tumor-SM-DHZ77
Cum_Tumors_TSCA22_all	PACADD137-Tumor-SM-DHZ7K
Cum_Tumors_TSCA22_all	PACADD159-Tumor-SM-DHZ67
Cum_Tumors_TSCA22_all	PACADD161-Tumor-SM-DHZ6V
Cum_Tumors_TSCA22_all	PACADD188-Tumor-SM-DHZ5V
Cum_Tumors_TSCA22_all	RO82W1-Tumor-SM-DHZ5J
Cum_Tumors_TSCA22_all	SUM149PT-Tumor-SM-DHZ6J
Cum_Tumors_TSCA22_all	SUM159PT-Tumor-SM-DHZ5U
Cum_Tumors_TSCA22_all	SUM229PE-Tumor-SM-DHZ57
Cum_Tumors_TSCA22_all	SW156-Tumor-SM-DHZ56
Cum_Tumors_TSCA22_all	TO14-Tumor-SM-DHZ68
Cum_Tumors_TSCA22_all	VP229-Tumor-SM-DHZ6K
Cum_Tumors_TSCA22_all	VP303-Tumor-SM-DHZ7J
Cum_Tumors_TSCA22_all	BT1008-Tumor-SM-D4L45
Cum_Tumors_TSCA22_all	BT922-Tumor-SM-D4L1W
Cum_Tumors_TSCA22_all	BT923-Tumor-SM-D4L3W
Cum_Tumors_TSCA22_all	BT950-Tumor-SM-D4L48
Cum_Tumors_TSCA22_all	BT961-Tumor-SM-D4L3C
Cum_Tumors_TSCA22_all	BT972-Tumor-SM-D4L3Y
Cum_Tumors_TSCA22_all	BT1009-Tumor-SM-DB2HZ
Cum_Tumors_TSCA22_all	BT1010-Tumor-SM-DB2K1
Cum_Tumors_TSCA22_all	BT1011-Tumor-SM-DB2HX
Cum_Tumors_TSCA22_all	BT1012-Tumor-SM-DB2IA
Cum_Tumors_TSCA22_all	BT1015-Tumor-SM-DB2IM
Cum_Tumors_TSCA22_all	BT1016-Tumor-SM-DB2IY
Cum_Tumors_TSCA22_all	BT1018-Tumor-SM-DB2IX
Cum_Tumors_TSCA22_all	BT1019-Tumor-SM-DB2JB
Cum_Tumors_TSCA22_all	BT1022-Tumor-SM-DB2JE
Cum_Tumors_TSCA22_all	BT1023-Tumor-SM-DB2J2
Cum_Tumors_TSCA22_all	BT924-Tumor-SM-DB2JA
Cum_Tumors_TSCA22_all	BT924-Tumor-SM-DB2ID
Cum_Tumors_TSCA22_all	BT953-Tumor-SM-DB2K2
Cum_Tumors_TSCA22_all	BT961-Tumor-SM-DB2I9
Cum_Tumors_TSCA22_all	BT987-Tumor-SM-DB2IL
Cum_Tumors_TSCA22_all	BT1008-Tumor-SM-DHZ75
Cum_Tumors_TSCA22_all	BT1008-Tumor-SM-DHZ5R
Cum_Tumors_TSCA22_all	BT1009-Tumor-SM-DHZ7D
Cum_Tumors_TSCA22_all	BT1009-Tumor-SM-DHZ71
Cum_Tumors_TSCA22_all	BT1011-Tumor-SM-DHZ5F
Cum_Tumors_TSCA22_all	BT1012-Tumor-SM-DHZ95
Cum_Tumors_TSCA22_all	BT1019-Tumor-SM-DHZ6G
Cum_Tumors_TSCA22_all	BT1019-Tumor-SM-DHZ5S
Cum_Tumors_TSCA22_all	BT1033-Tumor-SM-DHZ7C
Cum_Tumors_TSCA22_all	BT1035-Tumor-SM-DHZ4Y
Cum_Tumors_TSCA22_all	BT1037-Tumor-SM-DHZ5B
Cum_Tumors_TSCA22_all	BT1038-Tumor-SM-DHZ5N
Cum_Tumors_TSCA22_all	BT1042-Tumor-SM-DHZ64
Cum_Tumors_TSCA22_all	BT1044-Tumor-SM-DHZ52
Cum_Tumors_TSCA22_all	BT952-Tumor-SM-DHZ5A
Cum_Tumors_TSCA22_all	BT987-Tumor-SM-DHZ7B
Cum_Tumors_TSCA22_all	BT987-Tumor-SM-DHZ5G
Cum_Tumors_TSCA22_all	BT990-Tumor-SM-DHZ6Z
Cum_Tumors_TSCA22_all	BT992-Tumor-SM-DHZ7H
Cum_Tumors_TSCA22_all	CCLF_KL1001-Tumor-SM-DHZ7G
Cum_Tumors_TSCA22_all	CCLF_KL1002-Tumor-SM-DHZ5E
Cum_Tumors_TSCA22_all	BT1011-Tumor-SM-DNUNI
Cum_Tumors_TSCA22_all	BT1015-Tumor-SM-DNULF
Cum_Tumors_TSCA22_all	BT1018-Tumor-SM-DNULG
Cum_Tumors_TSCA22_all	BT1037-Tumor-SM-DNUNG
Cum_Tumors_TSCA22_all	BT1038-Tumor-SM-DNUMR
Cum_Tumors_TSCA22_all	BT954-Tumor-SM-DO3CX
Cum_Tumors_TSCA22_all	BT970-Tumor-SM-DNUM8
Cum_Tumors_TSCA22_all	BT990-Tumor-SM-DO3D1
Cum_Tumors_TSCA22_all	BT1038-Tumor-SM-E7S2P
Cum_Tumors_TSCA22_all	BT970-Tumor-SM-E7RZC
Cum_Tumors_TSCA22_all	CCLF_KL1014-Tumor-SM-E7RZV
Cum_Tumors_TSCA22_all	CCLF_Kl1015-Tumor-SM-E7S18
Cum_Tumors_TSCA22_all	CCLF_Kl1016-Tumor-SM-E7S1K
Cum_Tumors_TSCA22_all	CCLF_KL1017-Tumor-SM-E7S1W
Cum_Tumors_TSCA22_all	CCLF_KL1019-Tumor-SM-E7S29
Cum_Tumors_TSCA22_all	CCLF_KL1020-Tumor-SM-E7S2L
Cum_Tumors_TSCA22_all	CCLF_KL1021-Tumor-SM-E7RZ8
Cum_Tumors_TSCA22_all	CCLF_KL1022-Tumor-SM-E7RZK
Cum_Tumors_TSCA22_all	CCLF_KL1023-Tumor-SM-E7RZW
Cum_Tumors_TSCA22_all	CCLF_KL1024-Tumor-SM-E7S19
Cum_Tumors_TSCA22_all	CCLF_KL1025-Tumor-SM-E7S1L
Cum_Tumors_TSCA22_all	BT1009-Tumor-SM-EUVFS
Cum_Tumors_TSCA22_all	BT1016-Tumor-SM-EUVG5
Cum_Tumors_TSCA22_all	CCLF_KL1020-Tumor-SM-EUVHV
Cum_Tumors_TSCA22_all	CCLF_KL1026-Tumor-SM-EUVHA
Cum_Tumors_TSCA22_all	CCLF_KL1029-Tumor-SM-EUVH9
Cum_Tumors_TSCA22_all	CCLF_KL1030-Tumor-SM-EUVG9
Cum_Tumors_TSCA22_all	CCLF_KL1031-Tumor-SM-EUVHY
Cum_Tumors_TSCA22_all	CCLF_KL1032-Tumor-SM-EUVFL
Cum_Tumors_TSCA22_all	CCLF_KL1034-Tumor-SM-EUVGW
Cum_Tumors_TSCA22_all	CCLF_KL1035-Tumor-SM-EUVGX
Cum_Tumors_TSCA22_all	CCLF_KL1037-Tumor-SM-EUVHM
Cum_Tumors_TSCA22_all	CCLF_KL1040-Tumor-SM-EUVFM
Cum_Tumors_TSCA22_all	CCLF_KL1041-Tumor-SM-EUVGB
Cum_Tumors_TSCA22_all	CCLF_KL1053-Tumor-SM-EUVGZ
Cum_Tumors_TSCA22_all	CCLF_KL1006-Tumor-SM-F29RY
Cum_Tumors_TSCA22_all	CCLF_KL1017-Tumor-SM-F29S1
Cum_Tumors_TSCA22_all	CCLF_KL1017-Tumor-SM-F29RZ
Cum_Tumors_TSCA22_all	BT630-Tumor-SM-F67DI
Cum_Tumors_TSCA22_all	BT658-Tumor-SM-F67EQ
Cum_Tumors_TSCA22_all	BT658-Tumor-SM-F67DJ
Cum_Tumors_TSCA22_all	BT659-Tumor-SM-F67F3
Cum_Tumors_TSCA22_all	BT659-Tumor-SM-F67FZ
Cum_Tumors_TSCA22_all	BT671-Tumor-SM-F67ER
Cum_Tumors_TSCA22_all	BT671-Tumor-SM-F67EB
Cum_Tumors_TSCA22_all	BT680-Tumor-SM-F67FG
Cum_Tumors_TSCA22_all	BT680-Tumor-SM-F67FO
Cum_Tumors_TSCA22_all	BT682-Tumor-SM-F67FS
Cum_Tumors_TSCA22_all	BT722-Tumor-SM-F67DN
Cum_Tumors_TSCA22_all	BT758-Tumor-SM-F67FE
Cum_Tumors_TSCA22_all	BT759-Tumor-SM-F67FQ
Cum_Tumors_TSCA22_all	BT785-Tumor-SM-F67E2
Cum_Tumors_TSCA22_all	BT841-Tumor-SM-F67EE
Cum_Tumors_TSCA22_all	CCLF_KL1014-Tumor-SM-F67FD
Cum_Tumors_TSCA22_all	CCLF_KL1058-Tumor-SM-F67FR
Cum_Tumors_TSCA22_all	CCLF_KL1058-Tumor-SM-F67FT
Cum_Tumors_TSCA22_all	BT1016-Tumor-SM-GBJ9Q
Cum_Tumors_TSCA22_all	BT1160-Tumor-SM-GBJBE
Cum_Tumors_TSCA22_all	BT1160-Tumor-SM-GBJ9C
Cum_Tumors_TSCA22_all	BT869-Tumor-SM-GBJ9O
Cum_Tumors_TSCA22_all	CCLF_KL1068-Tumor-SM-GBJBJ
Cum_Tumors_TSCA22_all	CCLF_KL1073-Tumor-SM-GBJBG
Cum_Tumors_TSCA22_all	CCLF_KL1075-Tumor-SM-GBJAR
Cum_Tumors_TSCA22_all	CCLF_KL1076-Tumor-SM-GBJB5
Cum_Tumors_TSCA22_all	CCLF_KL1077-Tumor-SM-GBJB7
Cum_Tumors_TSCA22_all	CCLF_KL1100-Tumor-SM-GBJ9U
Cum_Tumors_TSCA22_all	CCLF_KL1101-Tumor-SM-GBJ9I
Cum_Tumors_TSCA22_all	SUDIPGIV-Tumor-SM-GBJB2
Cum_Tumors_TSCA22_all	SUDIPGXIII-Tumor-SM-GBJA1
Cum_Tumors_TSCA22_all	SUDIPGXVII-Tumor-SM-GBJAD
Cum_Tumors_TSCA22_all	SUDIPGXXV-Tumor-SM-GBJAP
Cum_Tumors_TSCA22_all	CCLF_KL1023-Tumor-SM-GL7LG
Cum_Tumors_TSCA22_all	CCLF_KL1051-Tumor-SM-GL7NR
Cum_Tumors_TSCA22_all	CCLF_KL1051-Tumor-SM-GL7NH
Cum_Tumors_TSCA22_all	CCLF_KL1058-Tumor-SM-GL7NK
Cum_Tumors_TSCA22_all	CCLF_KL1073-Tumor-SM-GL7LP
Cum_Tumors_TSCA22_all	CCLF_KL1075-Tumor-SM-GL7MF
Cum_Tumors_TSCA22_all	CCLF_KL1076-Tumor-SM-GL7M7
Cum_Tumors_TSCA22_all	CCLF_KL1077-Tumor-SM-GL7N3
Cum_Tumors_TSCA22_all	CCLF_KL1082-Tumor-SM-GL7NP
Cum_Tumors_TSCA22_all	CCLF_KL1089-Tumor-SM-GL7MU
Cum_Tumors_TSCA22_all	CCLF_KL1091-Tumor-SM-GL7MP
Cum_Tumors_TSCA22_all	CCLF_KL1094-Tumor-SM-GL7MR
Cum_Tumors_TSCA22_all	CCLF_KL1094-Tumor-SM-GL7M6
Cum_Tumors_TSCA22_all	CCLF_KL1095-Tumor-SM-GL7MS
Cum_Tumors_TSCA22_all	CCLF_KL1097-Tumor-SM-GL7M4
Cum_Tumors_TSCA22_all	CCLF_KL1103-Tumor-SM-GL7N8
Cum_Tumors_TSCA22_all	CCLF_KL1104-Tumor-SM-GL7MV
Cum_Tumors_TSCA22_all	CCLF_KL1107-Tumor-SM-GL7N9
Cum_Tumors_TSCA22_all	CCLF_KL1112-Tumor-SM-GL7MJ
Cum_Tumors_TSCA22_all	CCLF_KL1113-Tumor-SM-GL7NE
Cum_Tumors_TSCA22_all	CCLF_KL1115-Tumor-SM-GL7LU
Cum_Tumors_TSCA22_all	CCLF_KL1117-Tumor-SM-GL7MO
Cum_Tumors_TSCA22_all	CCLF_KL1119-Tumor-SM-GL7N1
Cum_Tumors_TSCA22_all	CCLF_KL1120-Tumor-SM-GL7MI
Cum_Tumors_TSCA22_all	CCLF_KL1121-Tumor-SM-GL7O2
Cum_Tumors_TSCA22_all	CCLF_KL1122-Tumor-SM-GL7N7
Cum_Tumors_TSCA22_all	CCLF_KL1124-Tumor-SM-GL7ND
Cum_Tumors_TSCA22_all	CO001-Tumor-SM-D4L3V
Cum_Tumors_TSCA22_all	CO002-Tumor-SM-D4L47
Cum_Tumors_TSCA22_all	CO003-Tumor-SM-D4L1Y
Cum_Tumors_TSCA22_all	CO004-Tumor-SM-D4L3B
Cum_Tumors_TSCA22_all	CO005-Tumor-SM-D4L2P
Cum_Tumors_TSCA22_all	CO006-Tumor-SM-D4L7Q
Cum_Tumors_TSCA22_all	CO007-Tumor-SM-D4L49
Cum_Tumors_TSCA22_all	CO001-Tumor-SM-DB2JH
Cum_Tumors_TSCA22_all	CO002-Tumor-SM-DB2KH
Cum_Tumors_TSCA22_all	CO003-Tumor-SM-DB2J5
Cum_Tumors_TSCA22_all	CO005-Tumor-SM-DB2IS
Cum_Tumors_TSCA22_all	CO007-Tumor-SM-DB2IG
Cum_Tumors_TSCA22_all	CO008-Tumor-SM-DB2I4
Cum_Tumors_TSCA22_all	CO008-Tumor-SM-DB3R8
Cum_Tumors_TSCA22_all	CO001-Tumor-SM-DNUN1
Cum_Tumors_TSCA22_all	CO002-Tumor-SM-DNUND
Cum_Tumors_TSCA22_all	CO003-Tumor-SM-DNUNP
Cum_Tumors_TSCA22_all	CO004-Tumor-SM-DNULC
Cum_Tumors_TSCA22_all	CO005-Tumor-SM-DNULO
Cum_Tumors_TSCA22_all	CO006-Tumor-SM-DNUM1
Cum_Tumors_TSCA22_all	CO007-Tumor-SM-DNUMD
Cum_Tumors_TSCA22_all	CO008-Tumor-SM-DNUMP
Cum_Tumors_TSCA22_all	CO001-Tumor-SM-E7RZZ
Cum_Tumors_TSCA22_all	CO004-Tumor-SM-E7RZO
Cum_Tumors_TSCA22_all	CO006-Tumor-SM-E7S2O
Cum_Tumors_TSCA22_all	CO006-Tumor-SM-E7S2C
Cum_Tumors_TSCA22_all	CO007-Tumor-SM-E7RZN
Cum_Tumors_TSCA22_all	CO007-Tumor-SM-E7RZB
Cum_Tumors_TSCA22_all	CY004-Tumor-SM-D4L3I
Cum_Tumors_TSCA22_all	CY007-Tumor-SM-D4L2V
Cum_Tumors_TSCA22_all	CY010-Tumor-SM-D4L2Z
Cum_Tumors_TSCA22_all	CY011-Tumor-SM-DB2IB
Cum_Tumors_TSCA22_all	CY002-Tumor-SM-DHZ5D
Cum_Tumors_TSCA22_all	CY004-Tumor-SM-DHZ73
Cum_Tumors_TSCA22_all	CY006-Tumor-SM-DHZ62
Cum_Tumors_TSCA22_all	CY010-Tumor-SM-DNUN9
Cum_Tumors_TSCA22_all	CY010-Tumor-SM-DNUMW
Cum_Tumors_TSCA22_all	CY010-Tumor-SM-DNUMF
Cum_Tumors_TSCA22_all	CY011-Tumor-SM-DNULH
Cum_Tumors_TSCA22_all	CY011-Tumor-SM-DNUM6
Cum_Tumors_TSCA22_all	CY011-Tumor-SM-DNUMJ
Cum_Tumors_TSCA22_all	CY012-Tumor-SM-EUVHZ
Cum_Tumors_TSCA22_all	CY014-Tumor-SM-EUVFP
Cum_Tumors_TSCA22_all	CY012-Tumor-SM-F29SQ
Cum_Tumors_TSCA22_all	CY013-Tumor-SM-F29SR
Cum_Tumors_TSCA22_all	CY015-Tumor-SM-F29ST
Cum_Tumors_TSCA22_all	CY015-Tumor-SM-F29SS
Cum_Tumors_TSCA22_all	CY012-Tumor-SM-F67E4
Cum_Tumors_TSCA22_all	CY012-Tumor-SM-F67F2
Cum_Tumors_TSCA22_all	CY014-Tumor-SM-F67FH
Cum_Tumors_TSCA22_all	CY014-Tumor-SM-F67DR
Cum_Tumors_TSCA22_all	CY016-Tumor-SM-F67F5
Cum_Tumors_TSCA22_all	CY017-Tumor-SM-F67EG
Cum_Tumors_TSCA22_all	CY013-Tumor-SM-GBJBD
Cum_Tumors_TSCA22_all	CY016-Tumor-SM-GBJ9F
Cum_Tumors_TSCA22_all	CY016-Tumor-SM-GBJA5
Cum_Tumors_TSCA22_all	CY017-Tumor-SM-GBJA4
Cum_Tumors_TSCA22_all	CY018-Tumor-SM-GBJAV
Cum_Tumors_TSCA22_all	CY019-Tumor-SM-GBJA6
Cum_Tumors_TSCA22_all	CY020-Tumor-SM-GBJ9R
Cum_Tumors_TSCA22_all	CY014-Tumor-SM-GL7ME
Cum_Tumors_TSCA22_all	CY018-Tumor-SM-GL7N4
Cum_Tumors_TSCA22_all	CY018-Tumor-SM-GL7M2
Cum_Tumors_TSCA22_all	CY020-Tumor-SM-GL7LR
Cum_Tumors_TSCA22_all	CY020-Tumor-SM-GL7NG
Cum_Tumors_TSCA22_all	CY021-Tumor-SM-GL7MD
Cum_Tumors_TSCA22_all	DW027-Tumor-SM-CJX4Z
Cum_Tumors_TSCA22_all	DW031-Tumor-SM-CJX51
Cum_Tumors_TSCA22_all	DW031-Tumor-SM-CJX52
Cum_Tumors_TSCA22_all	DW032-Tumor-SM-CJX53
Cum_Tumors_TSCA22_all	DW033-Tumor-SM-CJX54
Cum_Tumors_TSCA22_all	DW019-Tumor-SM-DB2KG
Cum_Tumors_TSCA22_all	DW020-Tumor-SM-DB2IK
Cum_Tumors_TSCA22_all	DW036-Tumor-SM-DB2K4
Cum_Tumors_TSCA22_all	DW038-Tumor-SM-DB2I3
Cum_Tumors_TSCA22_all	DW039-Tumor-SM-DB2IF
Cum_Tumors_TSCA22_all	DW020-Tumor-SM-DHZ7A
Cum_Tumors_TSCA22_all	DW020-Tumor-SM-DHZ5W
Cum_Tumors_TSCA22_all	DW041-Tumor-SM-DHZ66
Cum_Tumors_TSCA22_all	DW041-Tumor-SM-DHZ5C
Cum_Tumors_TSCA22_all	DW047-Tumor-SM-EUVHL
Cum_Tumors_TSCA22_all	DW048-Tumor-SM-EUVFK
Cum_Tumors_TSCA22_all	DW049-Tumor-SM-EUVHX
Cum_Tumors_TSCA22_all	DW051-Tumor-SM-F29SU
Cum_Tumors_TSCA22_all	EH014-Tumor-SM-D4L26
Cum_Tumors_TSCA22_all	EH014-Tumor-SM-D4L1T
Cum_Tumors_TSCA22_all	EH014-Tumor-SM-D4L2W
Cum_Tumors_TSCA22_all	EH015-Tumor-SM-D4L1Z
Cum_Tumors_TSCA22_all	EH015-Tumor-SM-D4L2X
Cum_Tumors_TSCA22_all	EH015-Tumor-SM-D4L3A
Cum_Tumors_TSCA22_all	EH015-Tumor-SM-D4L2B
Cum_Tumors_TSCA22_all	EH017-Tumor-SM-DB2JO
Cum_Tumors_TSCA22_all	EH018-Tumor-SM-DB3R1
Cum_Tumors_TSCA22_all	EH019-Tumor-SM-DB3RA
Cum_Tumors_TSCA22_all	EH020-Tumor-SM-DB3R4
Cum_Tumors_TSCA22_all	EH014-Tumor-SM-DHZ54
Cum_Tumors_TSCA22_all	EH017-Tumor-SM-DHZ63
Cum_Tumors_TSCA22_all	EH018-Tumor-SM-DHZ9H
Cum_Tumors_TSCA22_all	EH019-Tumor-SM-DHZ9T
Cum_Tumors_TSCA22_all	EH019-Tumor-SM-DHZ7S
Cum_Tumors_TSCA22_all	EH019-Tumor-SM-DHZA6
Cum_Tumors_TSCA22_all	EH020-Tumor-SM-DHZ85
Cum_Tumors_TSCA22_all	EH020-Tumor-SM-DHZ8H
Cum_Tumors_TSCA22_all	EH020-Tumor-SM-DHZ8T
Cum_Tumors_TSCA22_all	EH021-Tumor-SM-DHZ9I
Cum_Tumors_TSCA22_all	EH021-Tumor-SM-DHZ9U
Cum_Tumors_TSCA22_all	EH021-Tumor-SM-DHZ96
Cum_Tumors_TSCA22_all	EH021-Tumor-SM-DHZ6Y
Cum_Tumors_TSCA22_all	EH022-Tumor-SM-DHZA7
Cum_Tumors_TSCA22_all	EH022-Tumor-SM-DHZ5O
Cum_Tumors_TSCA22_all	EH023-Tumor-SM-DHZ7T
Cum_Tumors_TSCA22_all	EH023-Tumor-SM-DHZ86
Cum_Tumors_TSCA22_all	EH017-Tumor-SM-DNUM4
Cum_Tumors_TSCA22_all	EH024-Tumor-SM-DNUL1
Cum_Tumors_TSCA22_all	EH024-Tumor-SM-EUVGT
Cum_Tumors_TSCA22_all	EH026-Tumor-SM-F29SW
Cum_Tumors_TSCA22_all	EH027-Tumor-SM-F29SY
Cum_Tumors_TSCA22_all	EH028-Tumor-SM-GBJAE
Cum_Tumors_TSCA22_all	EH029-Tumor-SM-GBJB6
Cum_Tumors_TSCA22_all	EH030-Tumor-SM-GBJ95
Cum_Tumors_TSCA22_all	EH031-Tumor-SM-GL7NX
Cum_Tumors_TSCA22_all	EH032-Tumor-SM-GL7LK
Cum_Tumors_TSCA22_all	HG002-Tumor-SM-D4L3T
Cum_Tumors_TSCA22_all	HG008-Tumor-SM-D4L3O
Cum_Tumors_TSCA22_all	HG009-Tumor-SM-D4L3D
Cum_Tumors_TSCA22_all	HG019-Tumor-SM-D4L3Z
Cum_Tumors_TSCA22_all	HG020-Tumor-SM-D4L2Q
Cum_Tumors_TSCA22_all	HG001-Tumor-SM-DB2I2
Cum_Tumors_TSCA22_all	HG002-Tumor-SM-DB2IP
Cum_Tumors_TSCA22_all	HG002-Tumor-SM-DB2JZ
Cum_Tumors_TSCA22_all	HG001-Tumor-SM-DHZ5L
Cum_Tumors_TSCA22_all	HG002-Tumor-SM-DHZ4W
Cum_Tumors_TSCA22_all	HG003-Tumor-SM-DHZ59
Cum_Tumors_TSCA22_all	HG005-Tumor-SM-DHZ5Z
Cum_Tumors_TSCA22_all	HG005-Tumor-SM-DHZ5X
Cum_Tumors_TSCA22_all	HG006-Tumor-SM-DHZ6M
Cum_Tumors_TSCA22_all	HG011-Tumor-SM-DHZ4Z
Cum_Tumors_TSCA22_all	HG005-Tumor-SM-DNULV
Cum_Tumors_TSCA22_all	HG017-Tumor-SM-DNUML
Cum_Tumors_TSCA22_all	HG017-Tumor-SM-DNULB
Cum_Tumors_TSCA22_all	HG018-Tumor-SM-DNUMX
Cum_Tumors_TSCA22_all	HG018-Tumor-SM-DNUNA
Cum_Tumors_TSCA22_all	HG019-Tumor-SM-DNULN
Cum_Tumors_TSCA22_all	HG019-Tumor-SM-DNULZ
Cum_Tumors_TSCA22_all	HG019-Tumor-SM-E7RZH
Cum_Tumors_TSCA22_all	HG019-Tumor-SM-E7RZT
Cum_Tumors_TSCA22_all	HG017-Tumor-SM-EUVH3
Cum_Tumors_TSCA22_all	HG017-Tumor-SM-F29SZ
Cum_Tumors_TSCA22_all	HG018-Tumor-SM-F29T1
Cum_Tumors_TSCA22_all	HG017-Tumor-SM-F67DO
Cum_Tumors_TSCA22_all	HG018-Tumor-SM-GL7NY
Cum_Tumors_TSCA22_all	HG018-Tumor-SM-GL7MK
Cum_Tumors_TSCA22_all	JL54-Tumor-SM-D4L2D
Cum_Tumors_TSCA22_all	JL58-Tumor-SM-D4L32
Cum_Tumors_TSCA22_all	JL56-Tumor-SM-DB2HT
Cum_Tumors_TSCA22_all	JL57-Tumor-SM-DB2K7
Cum_Tumors_TSCA22_all	JL58-Tumor-SM-DB2J7
Cum_Tumors_TSCA22_all	JL58-Tumor-SM-DB2K8
Cum_Tumors_TSCA22_all	JL60-Tumor-SM-DB2JU
Cum_Tumors_TSCA22_all	JL61-Tumor-SM-DB2IT
Cum_Tumors_TSCA22_all	JL56-Tumor-SM-DHZ6A
Cum_Tumors_TSCA22_all	JL62-Tumor-SM-DHZ6X
Cum_Tumors_TSCA22_all	JL60-Tumor-SM-DNUL7
Cum_Tumors_TSCA22_all	JL61-Tumor-SM-DNULD
Cum_Tumors_TSCA22_all	JL61-Tumor-SM-DNUL2
Cum_Tumors_TSCA22_all	CCLF_JL1001-Tumor-SM-E7RZ7
Cum_Tumors_TSCA22_all	CCLF_JL1002-Tumor-SM-E7RZJ
Cum_Tumors_TSCA22_all	JL62-Tumor-SM-E7RZ6
Cum_Tumors_TSCA22_all	CCLF_JL1001-Tumor-SM-EUVHJ
Cum_Tumors_TSCA22_all	CCLF_JL1001-Tumor-SM-EUVG4
Cum_Tumors_TSCA22_all	CCLF_JL1001-Tumor-SM-EUVGS
Cum_Tumors_TSCA22_all	CCLF_JL1001-Tumor-SM-EUVGG
Cum_Tumors_TSCA22_all	CCLF_JL1002-Tumor-SM-F29RW
Cum_Tumors_TSCA22_all	CCLF_JL1002-Tumor-SM-F29RX
Cum_Tumors_TSCA22_all	JL36-Tumor-SM-F29T2
Cum_Tumors_TSCA22_all	CCLF_JL1003-Tumor-SM-F67EH
Cum_Tumors_TSCA22_all	CCLF_JL1003-Tumor-SM-GBJB4
Cum_Tumors_TSCA22_all	JNT100-Tumor-SM-D1849
Cum_Tumors_TSCA22_all	JNT101-Tumor-SM-D184A
Cum_Tumors_TSCA22_all	JNT102-Tumor-SM-D184B
Cum_Tumors_TSCA22_all	JNT103-Tumor-SM-D184C
Cum_Tumors_TSCA22_all	JNT104-Tumor-SM-D184D
Cum_Tumors_TSCA22_all	JNT105-Tumor-SM-D184E
Cum_Tumors_TSCA22_all	JNT106-Tumor-SM-D184F
Cum_Tumors_TSCA22_all	JNT107-Tumor-SM-D184G
Cum_Tumors_TSCA22_all	JNT108-Tumor-SM-D184H
Cum_Tumors_TSCA22_all	JNT109-Tumor-SM-D184I
Cum_Tumors_TSCA22_all	JNT110-Tumor-SM-D184J
Cum_Tumors_TSCA22_all	JNT111-Tumor-SM-D184K
Cum_Tumors_TSCA22_all	JNT112-Tumor-SM-D184L
Cum_Tumors_TSCA22_all	JNT113-Tumor-SM-D184M
Cum_Tumors_TSCA22_all	JNT114-Tumor-SM-D184N
Cum_Tumors_TSCA22_all	JNT115-Tumor-SM-D184O
Cum_Tumors_TSCA22_all	JNT116-Tumor-SM-D184P
Cum_Tumors_TSCA22_all	JNT117-Tumor-SM-D184Q
Cum_Tumors_TSCA22_all	JNT118-Tumor-SM-D184R
Cum_Tumors_TSCA22_all	JNT119-Tumor-SM-D184S
Cum_Tumors_TSCA22_all	JNT120-Tumor-SM-D184T
Cum_Tumors_TSCA22_all	JNT121-Tumor-SM-D184U
Cum_Tumors_TSCA22_all	JNT122-Tumor-SM-D184V
Cum_Tumors_TSCA22_all	JNT123-Tumor-SM-D184W
Cum_Tumors_TSCA22_all	JNT124-Tumor-SM-D184X
Cum_Tumors_TSCA22_all	JNT125-Tumor-SM-D184Y
Cum_Tumors_TSCA22_all	JNT126-Tumor-SM-D184Z
Cum_Tumors_TSCA22_all	JNT127-Tumor-SM-D1851
Cum_Tumors_TSCA22_all	JNT128-Tumor-SM-D1852
Cum_Tumors_TSCA22_all	JNT129-Tumor-SM-D1853
Cum_Tumors_TSCA22_all	JNT130-Tumor-SM-D1854
Cum_Tumors_TSCA22_all	JNT131-Tumor-SM-D1855
Cum_Tumors_TSCA22_all	JNT132-Tumor-SM-D1856
Cum_Tumors_TSCA22_all	JNT133-Tumor-SM-D1857
Cum_Tumors_TSCA22_all	JNT134-Tumor-SM-D1858
Cum_Tumors_TSCA22_all	JNT135-Tumor-SM-D1859
Cum_Tumors_TSCA22_all	JNT136-Tumor-SM-D185A
Cum_Tumors_TSCA22_all	JNT137-Tumor-SM-D185B
Cum_Tumors_TSCA22_all	JNT138-Tumor-SM-D185C
Cum_Tumors_TSCA22_all	JNT49-Tumor-SM-D182S
Cum_Tumors_TSCA22_all	JNT50-Tumor-SM-D182T
Cum_Tumors_TSCA22_all	JNT51-Tumor-SM-D182U
Cum_Tumors_TSCA22_all	JNT52-Tumor-SM-D182V
Cum_Tumors_TSCA22_all	JNT53-Tumor-SM-D182W
Cum_Tumors_TSCA22_all	JNT54-Tumor-SM-D182X
Cum_Tumors_TSCA22_all	JNT55-Tumor-SM-D182Y
Cum_Tumors_TSCA22_all	JNT56-Tumor-SM-D182Z
Cum_Tumors_TSCA22_all	JNT57-Tumor-SM-D1831
Cum_Tumors_TSCA22_all	JNT58-Tumor-SM-D1832
Cum_Tumors_TSCA22_all	JNT59-Tumor-SM-D1833
Cum_Tumors_TSCA22_all	JNT60-Tumor-SM-D1834
Cum_Tumors_TSCA22_all	JNT61-Tumor-SM-D1835
Cum_Tumors_TSCA22_all	JNT62-Tumor-SM-D1836
Cum_Tumors_TSCA22_all	JNT63-Tumor-SM-D1837
Cum_Tumors_TSCA22_all	JNT64-Tumor-SM-D1838
Cum_Tumors_TSCA22_all	JNT65-Tumor-SM-D1839
Cum_Tumors_TSCA22_all	JNT66-Tumor-SM-D183A
Cum_Tumors_TSCA22_all	JNT67-Tumor-SM-D183B
Cum_Tumors_TSCA22_all	JNT68-Tumor-SM-D183C
Cum_Tumors_TSCA22_all	JNT69-Tumor-SM-D183D
Cum_Tumors_TSCA22_all	JNT70-Tumor-SM-D183E
Cum_Tumors_TSCA22_all	JNT71-Tumor-SM-D183F
Cum_Tumors_TSCA22_all	JNT72-Tumor-SM-D183G
Cum_Tumors_TSCA22_all	JNT73-Tumor-SM-D183H
Cum_Tumors_TSCA22_all	JNT74-Tumor-SM-D183I
Cum_Tumors_TSCA22_all	JNT75-Tumor-SM-D183J
Cum_Tumors_TSCA22_all	JNT76-Tumor-SM-D183K
Cum_Tumors_TSCA22_all	JNT77-Tumor-SM-D183L
Cum_Tumors_TSCA22_all	JNT78-Tumor-SM-D183M
Cum_Tumors_TSCA22_all	JNT79-Tumor-SM-D183N
Cum_Tumors_TSCA22_all	JNT80-Tumor-SM-D183O
Cum_Tumors_TSCA22_all	JNT81-Tumor-SM-D183P
Cum_Tumors_TSCA22_all	JNT82-Tumor-SM-D183Q
Cum_Tumors_TSCA22_all	JNT83-Tumor-SM-D183R
Cum_Tumors_TSCA22_all	JNT84-Tumor-SM-D183S
Cum_Tumors_TSCA22_all	JNT85-Tumor-SM-D183T
Cum_Tumors_TSCA22_all	JNT86-Tumor-SM-D183U
Cum_Tumors_TSCA22_all	JNT87-Tumor-SM-D183V
Cum_Tumors_TSCA22_all	JNT88-Tumor-SM-D183W
Cum_Tumors_TSCA22_all	JNT89-Tumor-SM-D183X
Cum_Tumors_TSCA22_all	JNT90-Tumor-SM-D183Y
Cum_Tumors_TSCA22_all	JNT91-Tumor-SM-D183Z
Cum_Tumors_TSCA22_all	JNT92-Tumor-SM-D1841
Cum_Tumors_TSCA22_all	JNT93-Tumor-SM-D1842
Cum_Tumors_TSCA22_all	JNT94-Tumor-SM-D1843
Cum_Tumors_TSCA22_all	JNT95-Tumor-SM-D1844
Cum_Tumors_TSCA22_all	JNT96-Tumor-SM-D1845
Cum_Tumors_TSCA22_all	JNT97-Tumor-SM-D1846
Cum_Tumors_TSCA22_all	JNT98-Tumor-SM-D1847
Cum_Tumors_TSCA22_all	JNT99-Tumor-SM-D1848
Cum_Tumors_TSCA22_all	PEDS071-Tumor-SM-D4L2A
Cum_Tumors_TSCA22_all	PEDS153-Tumor-SM-D4L39
Cum_Tumors_TSCA22_all	PEDS153-Tumor-SM-D4L3G
Cum_Tumors_TSCA22_all	PEDS163-Tumor-SM-D4L3U
Cum_Tumors_TSCA22_all	PEDS163-Tumor-SM-D4L36
Cum_Tumors_TSCA22_all	PEDS165-Tumor-SM-D4L2U
Cum_Tumors_TSCA22_all	PEDS165-Tumor-SM-D4L29
Cum_Tumors_TSCA22_all	PEDS165-Tumor-SM-D4L1U
Cum_Tumors_TSCA22_all	PEDS165-Tumor-SM-D4L43
Cum_Tumors_TSCA22_all	PEDS166-Tumor-SM-D4L2O
Cum_Tumors_TSCA22_all	PEDS167-Tumor-SM-D4L31
Cum_Tumors_TSCA22_all	PEDS168-Tumor-SM-D4L2K
Cum_Tumors_TSCA22_all	PEDS174-Tumor-SM-D4L3K
Cum_Tumors_TSCA22_all	PEDS174-Tumor-SM-D4L3N
Cum_Tumors_TSCA22_all	PEDS176-Tumor-SM-D4L2T
Cum_Tumors_TSCA22_all	PEDS185-Tumor-SM-D4L2N
Cum_Tumors_TSCA22_all	PEDS186-Tumor-SM-D4L4A
Cum_Tumors_TSCA22_all	PEDS187-Tumor-SM-D4L22
Cum_Tumors_TSCA22_all	PEDS145-Tumor-SM-DB2JV
Cum_Tumors_TSCA22_all	PEDS154-Tumor-SM-DB2KC
Cum_Tumors_TSCA22_all	PEDS157-Tumor-SM-DB2II
Cum_Tumors_TSCA22_all	PEDS157-Tumor-SM-DB2HV
Cum_Tumors_TSCA22_all	PEDS161-Tumor-SM-DB2KA
Cum_Tumors_TSCA22_all	PEDS163-Tumor-SM-DB2JC
Cum_Tumors_TSCA22_all	PEDS167-Tumor-SM-DB2IE
Cum_Tumors_TSCA22_all	PEDS167-Tumor-SM-DB2KF
Cum_Tumors_TSCA22_all	PEDS172-Tumor-SM-DB2K3
Cum_Tumors_TSCA22_all	PEDS172-Tumor-SM-DB3R7
Cum_Tumors_TSCA22_all	PEDS172-Tumor-SM-DB2I8
Cum_Tumors_TSCA22_all	PEDS174-Tumor-SM-DB2JD
Cum_Tumors_TSCA22_all	PEDS175-Tumor-SM-DB2JN
Cum_Tumors_TSCA22_all	PEDS176-Tumor-SM-DB3R9
Cum_Tumors_TSCA22_all	PEDS176-Tumor-SM-DB2JX
Cum_Tumors_TSCA22_all	PEDS176-Tumor-SM-DB2I7
Cum_Tumors_TSCA22_all	PEDS186-Tumor-SM-DB2JK
Cum_Tumors_TSCA22_all	PEDS191-Tumor-SM-DB2KD
Cum_Tumors_TSCA22_all	PEDS192-Tumor-SM-DB2J1
Cum_Tumors_TSCA22_all	PEDS193-Tumor-SM-DB2HY
Cum_Tumors_TSCA22_all	PEDS194-Tumor-SM-DB2HW
Cum_Tumors_TSCA22_all	PEDS195-Tumor-SM-DB3R6
Cum_Tumors_TSCA22_all	PEDS195-Tumor-SM-DB3R3
Cum_Tumors_TSCA22_all	PEDS199-Tumor-SM-DB2JW
Cum_Tumors_TSCA22_all	CCLF_PEDS1002-Tumor-SM-DHZ5P
Cum_Tumors_TSCA22_all	CCLF_PEDS1003-Tumor-SM-DHZ6Q
Cum_Tumors_TSCA22_all	CCLF_PEDS1003-Tumor-SM-DHZ6H
Cum_Tumors_TSCA22_all	CCLF_PEDS1003-Tumor-SM-DHZ6E
Cum_Tumors_TSCA22_all	CCLF_PEDS1003-Tumor-SM-DHZ74
Cum_Tumors_TSCA22_all	CCLF_PEDS1004-Tumor-SM-DHZ76
Cum_Tumors_TSCA22_all	CCLF_PEDS1005-Tumor-SM-DHZ6I
Cum_Tumors_TSCA22_all	PEDS167-Tumor-SM-DHZA3
Cum_Tumors_TSCA22_all	PEDS178-Tumor-SM-DHZ8G
Cum_Tumors_TSCA22_all	PEDS178-Tumor-SM-DHZ8S
Cum_Tumors_TSCA22_all	PEDS178-Tumor-SM-DHZ9S
Cum_Tumors_TSCA22_all	PEDS179-Tumor-SM-DHZ91
Cum_Tumors_TSCA22_all	PEDS179-Tumor-SM-DHZA8
Cum_Tumors_TSCA22_all	PEDS182-Tumor-SM-DHZ9C
Cum_Tumors_TSCA22_all	PEDS182-Tumor-SM-DHZ8C
Cum_Tumors_TSCA22_all	PEDS182-Tumor-SM-DHZ9D
Cum_Tumors_TSCA22_all	PEDS182-Tumor-SM-DHZ8V
Cum_Tumors_TSCA22_all	PEDS182-Tumor-SM-DHZA5
Cum_Tumors_TSCA22_all	PEDS184-Tumor-SM-DHZ82
Cum_Tumors_TSCA22_all	PEDS184-Tumor-SM-DHZ9R
Cum_Tumors_TSCA22_all	PEDS184-Tumor-SM-DHZ7Q
Cum_Tumors_TSCA22_all	PEDS184-Tumor-SM-DHZ9F
Cum_Tumors_TSCA22_all	PEDS184-Tumor-SM-DHZ7P
Cum_Tumors_TSCA22_all	PEDS184-Tumor-SM-DHZ7R
Cum_Tumors_TSCA22_all	PEDS184-Tumor-SM-DHZ93
Cum_Tumors_TSCA22_all	PEDS184-Tumor-SM-DHZ83
Cum_Tumors_TSCA22_all	PEDS184-Tumor-SM-DHZ84
Cum_Tumors_TSCA22_all	PEDS186-Tumor-SM-DHZ9Q
Cum_Tumors_TSCA22_all	PEDS187-Tumor-SM-DHZ87
Cum_Tumors_TSCA22_all	PEDS192-Tumor-SM-DHZ9E
Cum_Tumors_TSCA22_all	PEDS192-Tumor-SM-DHZ9P
Cum_Tumors_TSCA22_all	PEDS192-Tumor-SM-DHZ81
Cum_Tumors_TSCA22_all	PEDS192-Tumor-SM-DHZA2
Cum_Tumors_TSCA22_all	PEDS192-Tumor-SM-DHZ9G
Cum_Tumors_TSCA22_all	PEDS194-Tumor-SM-DHZA4
Cum_Tumors_TSCA22_all	PEDS194-Tumor-SM-DHZ8Q
Cum_Tumors_TSCA22_all	PEDS194-Tumor-SM-DHZ8F
Cum_Tumors_TSCA22_all	PEDS195-Tumor-SM-DHZ9B
Cum_Tumors_TSCA22_all	PEDS195-Tumor-SM-DHZ8M
Cum_Tumors_TSCA22_all	PEDS195-Tumor-SM-DHZ8Y
Cum_Tumors_TSCA22_all	PEDS195-Tumor-SM-DHZ8A
Cum_Tumors_TSCA22_all	PEDS195-Tumor-SM-DHZ7L
Cum_Tumors_TSCA22_all	PEDS195-Tumor-SM-DHZ7X
Cum_Tumors_TSCA22_all	PEDS195-Tumor-SM-DHZ9O
Cum_Tumors_TSCA22_all	PEDS195-Tumor-SM-DHZ7Z
Cum_Tumors_TSCA22_all	PEDS199-Tumor-SM-DHZ8R
Cum_Tumors_TSCA22_all	PEDS199-Tumor-SM-DHZ8E
Cum_Tumors_TSCA22_all	PEDS199-Tumor-SM-DHZ8J
Cum_Tumors_TSCA22_all	PEDS200-Tumor-SM-DHZ7M
Cum_Tumors_TSCA22_all	PEDS201-Tumor-SM-DHZ94
Cum_Tumors_TSCA22_all	PEDS201-Tumor-SM-DHZ9V
Cum_Tumors_TSCA22_all	PEDS201-Tumor-SM-DHZ7U
Cum_Tumors_TSCA22_all	PEDS201-Tumor-SM-DHZ9N
Cum_Tumors_TSCA22_all	PEDS203-Tumor-SM-DHZ8N
Cum_Tumors_TSCA22_all	PEDS206-Tumor-SM-DHZ58
Cum_Tumors_TSCA22_all	PEDS207-Tumor-SM-DHZ6O
Cum_Tumors_TSCA22_all	PEDS208-Tumor-SM-DHZ6P
Cum_Tumors_TSCA22_all	PEDS209-Tumor-SM-DHZ51
Cum_Tumors_TSCA22_all	PEDS210-Tumor-SM-DHZ72
Cum_Tumors_TSCA22_all	CCLF_PEDS1006-Tumor-SM-DNUMB
Cum_Tumors_TSCA22_all	CCLF_PEDS1007-Tumor-SM-DNULY
Cum_Tumors_TSCA22_all	CCLF_PEDS1010-Tumor-SM-DNULU
Cum_Tumors_TSCA22_all	CCLF_PEDS1012-Tumor-SM-DNUN2
Cum_Tumors_TSCA22_all	CCLF_PEDS1013-Tumor-SM-DNULR
Cum_Tumors_TSCA22_all	PEDS021-Tumor-SM-DNUNE
Cum_Tumors_TSCA22_all	PEDS021-Tumor-SM-DNUNM
Cum_Tumors_TSCA22_all	PEDS021-Tumor-SM-DNUL9
Cum_Tumors_TSCA22_all	PEDS102-Tumor-SM-DNUMN
Cum_Tumors_TSCA22_all	PEDS171-Tumor-SM-DNULI
Cum_Tumors_TSCA22_all	PEDS171-Tumor-SM-DNUL6
Cum_Tumors_TSCA22_all	PEDS172-Tumor-SM-DNUM3
Cum_Tumors_TSCA22_all	PEDS184-Tumor-SM-DNUNJ
Cum_Tumors_TSCA22_all	PEDS184-Tumor-SM-DNUL4
Cum_Tumors_TSCA22_all	PEDS188-Tumor-SM-DNUL3
Cum_Tumors_TSCA22_all	PEDS188-Tumor-SM-DNUMS
Cum_Tumors_TSCA22_all	PEDS194-Tumor-SM-DNUM2
Cum_Tumors_TSCA22_all	PEDS195-Tumor-SM-DNUNH
Cum_Tumors_TSCA22_all	PEDS196-Tumor-SM-DNUN5
Cum_Tumors_TSCA22_all	PEDS196-Tumor-SM-DNUN4
Cum_Tumors_TSCA22_all	PEDS200-Tumor-SM-DNUMU
Cum_Tumors_TSCA22_all	PEDS200-Tumor-SM-DNUMQ
Cum_Tumors_TSCA22_all	PEDS202-Tumor-SM-DNULK
Cum_Tumors_TSCA22_all	PEDS202-Tumor-SM-DNUNN
Cum_Tumors_TSCA22_all	PEDS202-Tumor-SM-DNULW
Cum_Tumors_TSCA22_all	PEDS204-Tumor-SM-DO3D5
Cum_Tumors_TSCA22_all	PEDS209-Tumor-SM-DNULE
Cum_Tumors_TSCA22_all	PEDS209-Tumor-SM-DNULQ
Cum_Tumors_TSCA22_all	PEDS209-Tumor-SM-DNULA
Cum_Tumors_TSCA22_all	PEDS211-Tumor-SM-DNUM5
Cum_Tumors_TSCA22_all	PEDS211-Tumor-SM-DO3CZ
Cum_Tumors_TSCA22_all	CCLF_PEDS1004-Tumor-SM-E7S16
Cum_Tumors_TSCA22_all	CCLF_PEDS1004-Tumor-SM-E7RZ1
Cum_Tumors_TSCA22_all	CCLF_PEDS1005-Tumor-SM-E7S1I
Cum_Tumors_TSCA22_all	CCLF_PEDS1006-Tumor-SM-E7RZP
Cum_Tumors_TSCA22_all	CCLF_PEDS1006-Tumor-SM-E7RZD
Cum_Tumors_TSCA22_all	CCLF_PEDS1006-Tumor-SM-E7RZY
Cum_Tumors_TSCA22_all	CCLF_PEDS1008-Tumor-SM-E7S2F
Cum_Tumors_TSCA22_all	CCLF_PEDS1008-Tumor-SM-E7RZ2
Cum_Tumors_TSCA22_all	CCLF_PEDS1010-Tumor-SM-E7S1U
Cum_Tumors_TSCA22_all	CCLF_PEDS1010-Tumor-SM-E7S27
Cum_Tumors_TSCA22_all	CCLF_PEDS1011-Tumor-SM-E7RZQ
Cum_Tumors_TSCA22_all	CCLF_PEDS1012-Tumor-SM-E7S13
Cum_Tumors_TSCA22_all	CCLF_PEDS1012-Tumor-SM-E7S1F
Cum_Tumors_TSCA22_all	CCLF_PEDS1012-Tumor-SM-E7S1R
Cum_Tumors_TSCA22_all	CCLF_PEDS1013-Tumor-SM-E7S1N
Cum_Tumors_TSCA22_all	CCLF_PEDS1013-Tumor-SM-E7S1B
Cum_Tumors_TSCA22_all	CCLF_PEDS1014-Tumor-SM-E7S1X
Cum_Tumors_TSCA22_all	CCLF_PEDS1015-Tumor-SM-E7S2M
Cum_Tumors_TSCA22_all	CCLF_PEDS1019-Tumor-SM-E7S2G
Cum_Tumors_TSCA22_all	CCLF_PEDS1020-Tumor-SM-E7RZL
Cum_Tumors_TSCA22_all	CCLF_PEDS1021-Tumor-SM-E7S1A
Cum_Tumors_TSCA22_all	CCLF_PEDS1022-Tumor-SM-E7RZF
Cum_Tumors_TSCA22_all	PEDS171-Tumor-SM-E7S11
Cum_Tumors_TSCA22_all	PEDS194-Tumor-SM-E7S1D
Cum_Tumors_TSCA22_all	PEDS195-Tumor-SM-E7S2H
Cum_Tumors_TSCA22_all	PEDS195-Tumor-SM-E7S28
Cum_Tumors_TSCA22_all	PEDS196-Tumor-SM-E7RZA
Cum_Tumors_TSCA22_all	PEDS204-Tumor-SM-E7RZM
Cum_Tumors_TSCA22_all	PEDS204-Tumor-SM-E7S2N
Cum_Tumors_TSCA22_all	PEDS207-Tumor-SM-E7S1Z
Cum_Tumors_TSCA22_all	PEDS207-Tumor-SM-E7RZG
Cum_Tumors_TSCA22_all	PEDS207-Tumor-SM-E7RZI
Cum_Tumors_TSCA22_all	PEDS208-Tumor-SM-E7S15
Cum_Tumors_TSCA22_all	PEDS208-Tumor-SM-E7RZS
Cum_Tumors_TSCA22_all	PEDS211-Tumor-SM-E7S22
Cum_Tumors_TSCA22_all	PEDS211-Tumor-SM-E7S2E
Cum_Tumors_TSCA22_all	CCLF_PEDS1004-Tumor-SM-EUVHQ
Cum_Tumors_TSCA22_all	CCLF_PEDS1006-Tumor-SM-EUVHH
Cum_Tumors_TSCA22_all	CCLF_PEDS1008-Tumor-SM-EUVH8
Cum_Tumors_TSCA22_all	CCLF_PEDS1008-Tumor-SM-EUVI3
Cum_Tumors_TSCA22_all	CCLF_PEDS1010-Tumor-SM-EUVFG
Cum_Tumors_TSCA22_all	CCLF_PEDS1010-Tumor-SM-EUVHT
Cum_Tumors_TSCA22_all	CCLF_PEDS1011-Tumor-SM-EUVHE
Cum_Tumors_TSCA22_all	CCLF_PEDS1013-Tumor-SM-EUVFF
Cum_Tumors_TSCA22_all	CCLF_PEDS1014-Tumor-SM-EUVH7
Cum_Tumors_TSCA22_all	CCLF_PEDS1018-Tumor-SM-EUVFJ
Cum_Tumors_TSCA22_all	CCLF_PEDS1021-Tumor-SM-EUVG7
Cum_Tumors_TSCA22_all	CCLF_PEDS1021-Tumor-SM-EUVGU
Cum_Tumors_TSCA22_all	CCLF_PEDS1024-Tumor-SM-EUVGM
Cum_Tumors_TSCA22_all	CCLF_PEDS1025-Tumor-SM-EUVHD
Cum_Tumors_TSCA22_all	CCLF_PEDS1025-Tumor-SM-EUVI2
Cum_Tumors_TSCA22_all	CCLF_PEDS1025-Tumor-SM-EUVHP
Cum_Tumors_TSCA22_all	CCLF_PEDS1025-Tumor-SM-EUVFV
Cum_Tumors_TSCA22_all	CCLF_PEDS1026-Tumor-SM-EUVGD
Cum_Tumors_TSCA22_all	CCLF_PEDS1026-Tumor-SM-EUVGP
Cum_Tumors_TSCA22_all	CCLF_PEDS1026-Tumor-SM-EUVHK
Cum_Tumors_TSCA22_all	CCLF_PEDS1027-Tumor-SM-EUVFW
Cum_Tumors_TSCA22_all	CCLF_PEDS1028-Tumor-SM-EUVI1
Cum_Tumors_TSCA22_all	CCLF_PEDS1029-Tumor-SM-EUVFZ
Cum_Tumors_TSCA22_all	CCLF_PEDS1011-Tumor-SM-F29S5
Cum_Tumors_TSCA22_all	CCLF_PEDS1023-Tumor-SM-F29S7
Cum_Tumors_TSCA22_all	CCLF_PEDS1025-Tumor-SM-F29S9
Cum_Tumors_TSCA22_all	CCLF_PEDS1031-Tumor-SM-F29SA
Cum_Tumors_TSCA22_all	CCLF_PEDS1032-Tumor-SM-F29SB
Cum_Tumors_TSCA22_all	CCLF_PEDS1033-Tumor-SM-F29SF
Cum_Tumors_TSCA22_all	CCLF_PEDS1033-Tumor-SM-F29SE
Cum_Tumors_TSCA22_all	CCLF_PEDS1035-Tumor-SM-F29SI
Cum_Tumors_TSCA22_all	CCLF_PEDS1035-Tumor-SM-F29SJ
Cum_Tumors_TSCA22_all	CCLF_PEDS1036-Tumor-SM-F29SK
Cum_Tumors_TSCA22_all	CCLF_PEDS1010-Tumor-SM-F67EC
Cum_Tumors_TSCA22_all	CCLF_PEDS1021-Tumor-SM-F67F8
Cum_Tumors_TSCA22_all	CCLF_PEDS1021-Tumor-SM-F67EV
Cum_Tumors_TSCA22_all	CCLF_PEDS1022-Tumor-SM-F67DU
Cum_Tumors_TSCA22_all	CCLF_PEDS1028-Tumor-SM-F67E7
Cum_Tumors_TSCA22_all	CCLF_PEDS1029-Tumor-SM-F67FP
Cum_Tumors_TSCA22_all	CCLF_PEDS1030-Tumor-SM-F67EM
Cum_Tumors_TSCA22_all	CCLF_PEDS1031-Tumor-SM-F67DV
Cum_Tumors_TSCA22_all	CCLF_PEDS1031-Tumor-SM-F67E9
Cum_Tumors_TSCA22_all	CCLF_PEDS1031-Tumor-SM-F67E8
Cum_Tumors_TSCA22_all	CCLF_PEDS1031-Tumor-SM-F67DW
Cum_Tumors_TSCA22_all	CCLF_PEDS1031-Tumor-SM-F67EK
Cum_Tumors_TSCA22_all	CCLF_PEDS1031-Tumor-SM-F67DK
Cum_Tumors_TSCA22_all	CCLF_PEDS1032-Tumor-SM-F67EY
Cum_Tumors_TSCA22_all	CCLF_PEDS1032-Tumor-SM-F67DX
Cum_Tumors_TSCA22_all	CCLF_PEDS1032-Tumor-SM-F67DL
Cum_Tumors_TSCA22_all	CCLF_PEDS1033-Tumor-SM-F67EA
Cum_Tumors_TSCA22_all	CCLF_PEDS1033-Tumor-SM-F67G3
Cum_Tumors_TSCA22_all	CCLF_PEDS1033-Tumor-SM-F67FY
Cum_Tumors_TSCA22_all	CCLF_PEDS1034-Tumor-SM-F67EF
Cum_Tumors_TSCA22_all	CCLF_PEDS1035-Tumor-SM-F67DQ
Cum_Tumors_TSCA22_all	CCLF_PEDS1036-Tumor-SM-F67F4
Cum_Tumors_TSCA22_all	CCLF_PEDS1036-Tumor-SM-F67FM
Cum_Tumors_TSCA22_all	CCLF_PEDS1036-Tumor-SM-F67FF
Cum_Tumors_TSCA22_all	CCLF_PEDS1037-Tumor-SM-F67FK
Cum_Tumors_TSCA22_all	CCLF_PEDS1039-Tumor-SM-F67EW
Cum_Tumors_TSCA22_all	CCLF_PEDS1041-Tumor-SM-F67FX
Cum_Tumors_TSCA22_all	PEDS063-Tumor-SM-F67EL
Cum_Tumors_TSCA22_all	PEDS105-Tumor-SM-F67FA
Cum_Tumors_TSCA22_all	PEDS143-Tumor-SM-F67FL
Cum_Tumors_TSCA22_all	CCLF_PEDS1008-Tumor-SM-GBJAC
Cum_Tumors_TSCA22_all	CCLF_PEDS1034-Tumor-SM-GBJBL
Cum_Tumors_TSCA22_all	CCLF_PEDS1034-Tumor-SM-GBJ9K
Cum_Tumors_TSCA22_all	CCLF_PEDS1038-Tumor-SM-GBJB1
Cum_Tumors_TSCA22_all	CCLF_PEDS1039-Tumor-SM-GBJ98
Cum_Tumors_TSCA22_all	CCLF_PEDS1039-Tumor-SM-GBJA8
Cum_Tumors_TSCA22_all	CCLF_PEDS1041-Tumor-SM-GBJA9
Cum_Tumors_TSCA22_all	CCLF_PEDS1041-Tumor-SM-GBJAL
Cum_Tumors_TSCA22_all	CCLF_PEDS1042-Tumor-SM-GBJ9J
Cum_Tumors_TSCA22_all	CCLF_PEDS1042-Tumor-SM-GBJAI
Cum_Tumors_TSCA22_all	CCLF_PEDS1044-Tumor-SM-GBJ9M
Cum_Tumors_TSCA22_all	CCLF_PEDS1045-Tumor-SM-GBJAX
Cum_Tumors_TSCA22_all	PEDS063-Tumor-SM-GBJAK
Cum_Tumors_TSCA22_all	PEDS063-Tumor-SM-GBJ9W
Cum_Tumors_TSCA22_all	PEDS142-Tumor-SM-GBJAW
Cum_Tumors_TSCA22_all	CCLF_PEDS1034-Tumor-SM-GL7NB
Cum_Tumors_TSCA22_all	CCLF_PEDS1040-Tumor-SM-GL7NN
Cum_Tumors_TSCA22_all	CCLF_PEDS1041-Tumor-SM-GL7MA
Cum_Tumors_TSCA22_all	CCLF_PEDS1042-Tumor-SM-GL7MN
Cum_Tumors_TSCA22_all	CCLF_PEDS1042-Tumor-SM-GL7LY
Cum_Tumors_TSCA22_all	CCLF_PEDS1045-Tumor-SM-GL7MB
Cum_Tumors_TSCA22_all	CCLF_PEDS1045-Tumor-SM-GL7LM
Cum_Tumors_TSCA22_all	CCLF_PEDS1041-Tumor-SM-GL7NZ
Cum_Tumors_TSCA22_all	CCLF_PEDS1041-Tumor-SM-GL7LZ
Cum_Tumors_TSCA22_all	CCLF_PEDS1047-Tumor-SM-GL7MZ
Cum_Tumors_TSCA22_all	CCLF_PEDS1048-Tumor-SM-GL7LN
Cum_Tumors_TSCA22_all	CCLF_PEDS1049-Tumor-SM-GL7LX
Cum_Tumors_TSCA22_all	PM748-Tumor-SM-D4L3S
Cum_Tumors_TSCA22_all	PM860-Tumor-SM-DB2JT
Cum_Tumors_TSCA22_all	PM860-Tumor-SM-DB2K6
Cum_Tumors_TSCA22_all	RCRF002-Tumor-SM-DB2IH
Cum_Tumors_TSCA22_all	RCRF003-Tumor-SM-DB2KI
Cum_Tumors_TSCA22_all	CCLF_RCRF004-Tumor-SM-DHZ5Y
Cum_Tumors_TSCA22_all	CCLF_RCRF004-Tumor-SM-DNULL
Cum_Tumors_TSCA22_all	CCLF_RCRF004-Tumor-SM-DNUMY
Cum_Tumors_TSCA22_all	CCLF_RCRF004-Tumor-SM-DNUMA
Cum_Tumors_TSCA22_all	CCLF_RCRF004-Tumor-SM-DNUMM
Cum_Tumors_TSCA22_all	CCLF_RCRF004-Tumor-SM-DNULX
Cum_Tumors_TSCA22_all	CCLF_RCRF1005-Tumor-SM-DNUNL
Cum_Tumors_TSCA22_all	CCLF_RCRF1007-Tumor-SM-E7S1Y
Cum_Tumors_TSCA22_all	CCLF_RCRF1006-Tumor-SM-EUVGA
Cum_Tumors_TSCA22_all	CCLF_RCRF1008-Tumor-SM-EUVFN
Cum_Tumors_TSCA22_all	CCLF_RCRF1009-Tumor-SM-F67FI
Cum_Tumors_TSCA22_all	CCLF_RCRF1009-Tumor-SM-GBJBA
Cum_Tumors_TSCA22_all	CCLF_RCRF1009-Tumor-SM-GBJ99
Cum_Tumors_TSCA22_all	CCLF_RCRF1009-Tumor-SM-GBJAA
Cum_Tumors_TSCA22_all	CCLF_RCRF1009-Tumor-SM-GBJBM
Cum_Tumors_TSCA22_all	CCLF_RCRF1009-Tumor-SM-GBJAY
Cum_Tumors_TSCA22_all	CCLF_RCRF1009-Tumor-SM-GBJAM
Cum_Tumors_TSCA22_all	CCLF_RCRF1009-Tumor-SM-GBJ9L
Cum_Tumors_TSCA22_all	CCLF_RCRF1009-Tumor-SM-GBJ9X
Cum_Tumors_TSCA22_all	CCLF_RCRF1010-Tumor-SM-GBJB3
Cum_Tumors_TSCA22_all	CCLF_RCRF1010-Tumor-SM-GBJBB
Cum_Tumors_TSCA22_all	CCLF_RCRF1010-Tumor-SM-GBJ9A
Cum_Tumors_TSCA22_all	CCLF_RCRF1010-Tumor-SM-GBJBN
Cum_Tumors_TSCA22_all	CCLF_RCRF1011-Tumor-SM-GBJAZ
Cum_Tumors_TSCA22_all	CCLF_RCRF1012-Tumor-SM-GBJAB
Cum_Tumors_TSCA22_all	CCLF_RCRF1014-Tumor-SM-GBJAH
Cum_Tumors_TSCA22_all	CCLF_RCRF1015-Tumor-SM-GBJ9S
Cum_Tumors_TSCA22_all	CCLF_RCRF1016-Tumor-SM-GBJB8
Cum_Tumors_TSCA22_all	CCLF_RCRF1017-Tumor-SM-GBJA7
Cum_Tumors_TSCA22_all	CCLF_RCRF1010-Tumor-SM-GL7MX
Cum_Tumors_TSCA22_all	CCLF_RCRF1010-Tumor-SM-GL7NA
Cum_Tumors_TSCA22_all	CCLF_RCRF1012-Tumor-SM-GL7MH
Cum_Tumors_TSCA22_all	CCLF_RCRF1013-Tumor-SM-GL7LW
Cum_Tumors_TSCA22_all	CCLF_RCRF1013-Tumor-SM-GL7M1
Cum_Tumors_TSCA22_all	CCLF_RCRF1013-Tumor-SM-GL7ML
Cum_Tumors_TSCA22_all	CCLF_RCRF1013-Tumor-SM-GL7M9
Cum_Tumors_TSCA22_all	CCLF_RCRF1014-Tumor-SM-GL7NI
Cum_Tumors_TSCA22_all	CCLF_RCRF1014-Tumor-SM-GL7LJ
Cum_Tumors_TSCA22_all	CCLF_RCRF1015-Tumor-SM-GL7N5
Cum_Tumors_TSCA22_all	CCLF_RCRF1015-Tumor-SM-GL7N6
Cum_Tumors_TSCA22_all	CCLF_RCRF1015-Tumor-SM-GL7LS
Cum_Tumors_TSCA22_all	CCLF_RCRF1018-Tumor-SM-GL7LH
Cum_Tumors_TSCA22_all	CCLF_RCRF1014-Tumor-SM-GL7MT
Cum_Tumors_TSCA22_all	TC002-Tumor-SM-DB2IR
Cum_Tumors_TSCA22_all	TC005-Tumor-SM-DB2IO
Cum_Tumors_TSCA22_all	TC005-Tumor-SM-DHZ65
Cum_Tumors_TSCA22_all	TC005-Tumor-SM-DHZ6F
Cum_Tumors_TSCA22_all	TC005-Tumor-SM-DHZ53
Cum_Tumors_TSCA22_all	TC007-Tumor-SM-DHZ6T
Cum_Tumors_TSCA22_all	TC008-Tumor-SM-E7S26
Cum_Tumors_TSCA22_all	TC010-Tumor-SM-EUVHB
Cum_Tumors_TSCA22_all	TC012-Tumor-SM-GBJ9Y
Cum_Tumors_TSCA22_all	TC013-Tumor-SM-GL7NU
Cum_Tumors_TSCA22_all	GG001-Tumor-SM-DHZ89
Cum_Tumors_TSCA22_all	GG003-Tumor-SM-DHZ9A
Cum_Tumors_TSCA22_all	GG004-Tumor-SM-DHZ9M
Cum_Tumors_TSCA22_all	CCLF_SS1001-Tumor-SM-DHZ5H
Cum_Tumors_TSCA22_all	CCLF_SS1001-Tumor-SM-DHZ7I
Cum_Tumors_TSCA22_all	CCLF_SS1001-Tumor-SM-DHZ55
Cum_Tumors_TSCA22_all	CCLF_SS1001-Tumor-SM-DHZ5T
Cum_Tumors_TSCA22_all	CCLF_SS1002-Tumor-SM-DNUNC
Cum_Tumors_TSCA22_all	CCLF_SS1003-Tumor-SM-DNUNO
Cum_Tumors_TSCA22_all	CCLF_SS1004-Tumor-SM-DNUN6
Cum_Tumors_TSCA22_all	CCLF_SS1005-Tumor-SM-DO7N1
Cum_Tumors_TSCA22_all	CCLF_SS1006-Tumor-SM-E7S14
Cum_Tumors_TSCA22_all	CCLF_SS1008-Tumor-SM-F29SM
Cum_Tumors_TSCA22_all	CCLF_SS1008-Tumor-SM-F29SN
Cum_Tumors_TSCA22_all	CCLF_SS1009-Tumor-SM-F29SP
Cum_Tumors_TSCA22_all	CCLF_SS1008-Tumor-SM-GL7MC
Cum_Tumors_TSCA22_all	CCLF_SS1009-Tumor-SM-GL7NQ
Cum_Tumors_TSCA22_all	PK044-Tumor-SM-DNUMC
Cum_Tumors_TSCA22_all	SP022-Tumor-SM-DNUMH
Cum_Tumors_TSCA22_all	SP022-Tumor-SM-E7S21
Cum_Tumors_TSCA22_all	SP022-Tumor-SM-E7S2D
Cum_Tumors_TSCA22_all	SP025-Tumor-SM-EUVFH
Cum_Tumors_TSCA22_all	SP025-Tumor-SM-EUVHU
Cum_Tumors_TSCA22_all	SP025-Tumor-SM-EUVFT
Cum_Tumors_TSCA22_all	SP022-Tumor-SM-F29T3
Cum_Tumors_TSCA22_all	JB003-Tumor-SM-E7S2J
Cum_Tumors_TSCA22_all	TC011-Tumor-SM-GBJA2
Cum_Tumors_TSCA22_all	TC011-Tumor-SM-GL7NS
Cum_Tumors_TSCA22_all	TC011-Tumor-SM-GL7M5
Cum_Tumors_TSCA22_all	CCLF_NH1001-Tumor-SM-EUVG2
Cum_Tumors_TSCA22_all	CCLF_NH1002-Tumor-SM-EUVGO
Cum_Tumors_TSCA22_all	CCLF_NH1003-Tumor-SM-EUVGC
Cum_Tumors_TSCA22_all	CCLF_NH1003-Tumor-SM-F29S2
Cum_Tumors_TSCA22_all	CCLF_NH1004-Tumor-SM-F29S3
Cum_Tumors_TSCA22_all	CCLF_NH1005-Tumor-SM-F29S4
Cum_Tumors_TSCA22_all	CCLF_NH1006-Tumor-SM-F67DG
Cum_Tumors_TSCA22_all	CCLF_NH1006-Tumor-SM-F67DP
Cum_Tumors_TSCA22_all	CCLF_NH1002-Tumor-SM-GBJ9D
Cum_Tumors_TSCA22_all	CCLF_NH1003-Tumor-SM-GBJA3
Cum_Tumors_TSCA22_all	CCLF_NH1005-Tumor-SM-GBJ97
Cum_Tumors_TSCA22_all	CCLF_NH1006-Tumor-SM-GBJAF
Cum_Tumors_TSCA22_all	COLO001-Tumor-SM-EUVGL
Cum_Tumors_TSCA22_all	COLO002-Tumor-SM-EUVGK
Cum_Tumors_TSCA22_all	COLO006-Tumor-SM-EUVHN
Cum_Tumors_TSCA22_all	COLO007-Tumor-SM-EUVGE
Cum_Tumors_TSCA22_all	COLO007-Tumor-SM-EUVGQ
Cum_Tumors_TSCA22_all	COLO007-Tumor-SM-EUVGY
Cum_Tumors_TSCA22_all	COLO008-Tumor-SM-EUVFY
Cum_Tumors_TSCA22_all	COLO008-Tumor-SM-F67E3
Cum_Tumors_TSCA22_all	COLO008-Tumor-SM-F67F1
Cum_Tumors_TSCA22_all	COL016-Tumor-SM-GBJ9B
Cum_Tumors_TSCA22_all	COL016-Tumor-SM-GBJBO
Cum_Tumors_TSCA22_all	EW012-Tumor-SM-EUVFX
Cum_Tumors_TSCA22_all	EW012-Tumor-SM-F67FN
Cum_Tumors_TSCA22_all	EW012-Tumor-SM-F67DY
Cum_Tumors_TSCA22_all	EW012-Tumor-SM-F67G1
Cum_Tumors_TSCA22_all	EW012-Tumor-SM-F67EN
Cum_Tumors_TSCA22_all	EW012-Tumor-SM-F67DZ
Cum_Tumors_TSCA22_all	EW012-Tumor-SM-F67G2
Cum_Tumors_TSCA22_all	EW012-Tumor-SM-F67EZ
Cum_Tumors_TSCA22_all	EW012-Tumor-SM-F67FC
Cum_Tumors_TSCA22_all	EW012-Tumor-SM-F67DM
Cum_Tumors_TSCA22_all	EW012-Tumor-SM-GL7NM
Cum_Tumors_TSCA22_all	ICC10-Tumor-SM-EUVHG
Cum_Tumors_TSCA22_all	ICC13-Tumor-SM-EUVHS
Cum_Tumors_TSCA22_all	ICC1-Tumor-SM-EUVHF
Cum_Tumors_TSCA22_all	ICC2-Tumor-SM-EUVHR
Cum_Tumors_TSCA22_all	ICC3-Tumor-SM-EUVI4
Cum_Tumors_TSCA22_all	ICC4-Tumor-SM-EUVFQ
Cum_Tumors_TSCA22_all	ICC5-Tumor-SM-EUVG3
Cum_Tumors_TSCA22_all	ICC6-Tumor-SM-EUVGF
Cum_Tumors_TSCA22_all	ICC7-Tumor-SM-EUVGR
Cum_Tumors_TSCA22_all	ICC8-Tumor-SM-EUVH4
Cum_Tumors_TSCA22_all	CCLF_NB0001-Tumor-SM-F67DH
Cum_Tumors_TSCA22_all	CCLF_NB0002-Tumor-SM-F67E6
Cum_Tumors_TSCA22_all	CCLF_NB0003-Tumor-SM-F67DT
Cum_Tumors_TSCA22_all	CCLF_NB1001-Tumor-SM-GL7NL
Cum_Tumors_TSCA22_all	CSHL_PDAC_1-Tumor-SM-F29T4
Cum_Tumors_TSCA22_all	CSHL_PDAC_10-Tumor-SM-F29TD
Cum_Tumors_TSCA22_all	CSHL_PDAC_11-Tumor-SM-F29TE
Cum_Tumors_TSCA22_all	CSHL_PDAC_12-Tumor-SM-F29TF
Cum_Tumors_TSCA22_all	CSHL_PDAC_13-Tumor-SM-F29TG
Cum_Tumors_TSCA22_all	CSHL_PDAC_14-Tumor-SM-F29TH
Cum_Tumors_TSCA22_all	CSHL_PDAC_15-Tumor-SM-F29TI
Cum_Tumors_TSCA22_all	CSHL_PDAC_16-Tumor-SM-F29TJ
Cum_Tumors_TSCA22_all	CSHL_PDAC_17-Tumor-SM-F29TK
Cum_Tumors_TSCA22_all	CSHL_PDAC_18-Tumor-SM-F29TL
Cum_Tumors_TSCA22_all	CSHL_PDAC_19-Tumor-SM-F29TM
Cum_Tumors_TSCA22_all	CSHL_PDAC_2-Tumor-SM-F29T5
Cum_Tumors_TSCA22_all	CSHL_PDAC_20-Tumor-SM-F29TN
Cum_Tumors_TSCA22_all	CSHL_PDAC_21-Tumor-SM-F29TO
Cum_Tumors_TSCA22_all	CSHL_PDAC_22-Tumor-SM-F29TP
Cum_Tumors_TSCA22_all	CSHL_PDAC_23-Tumor-SM-F29TQ
Cum_Tumors_TSCA22_all	CSHL_PDAC_24-Tumor-SM-F29TR
Cum_Tumors_TSCA22_all	CSHL_PDAC_25-Tumor-SM-F29TS
Cum_Tumors_TSCA22_all	CSHL_PDAC_26-Tumor-SM-F29TT
Cum_Tumors_TSCA22_all	CSHL_PDAC_27-Tumor-SM-F29TU
Cum_Tumors_TSCA22_all	CSHL_PDAC_28-Tumor-SM-F29TV
Cum_Tumors_TSCA22_all	CSHL_PDAC_29-Tumor-SM-F29TW
Cum_Tumors_TSCA22_all	CSHL_PDAC_3-Tumor-SM-F29T6
Cum_Tumors_TSCA22_all	CSHL_PDAC_30-Tumor-SM-F29TX
Cum_Tumors_TSCA22_all	CSHL_PDAC_31-Tumor-SM-F29TZ
Cum_Tumors_TSCA22_all	CSHL_PDAC_32-Tumor-SM-F29U1
Cum_Tumors_TSCA22_all	CSHL_PDAC_33-Tumor-SM-F29U2
Cum_Tumors_TSCA22_all	CSHL_PDAC_34-Tumor-SM-F29U3
Cum_Tumors_TSCA22_all	CSHL_PDAC_34-Tumor-SM-F29U4
Cum_Tumors_TSCA22_all	CSHL_PDAC_35-Tumor-SM-F29U5
Cum_Tumors_TSCA22_all	CSHL_PDAC_36-Tumor-SM-F29U6
Cum_Tumors_TSCA22_all	CSHL_PDAC_36-Tumor-SM-F29U7
Cum_Tumors_TSCA22_all	CSHL_PDAC_36-Tumor-SM-F29U8
Cum_Tumors_TSCA22_all	CSHL_PDAC_37-Tumor-SM-F29U9
Cum_Tumors_TSCA22_all	CSHL_PDAC_38-Tumor-SM-F29UA
Cum_Tumors_TSCA22_all	CSHL_PDAC_38-Tumor-SM-F29UB
Cum_Tumors_TSCA22_all	CSHL_PDAC_38-Tumor-SM-F29UC
Cum_Tumors_TSCA22_all	CSHL_PDAC_38-Tumor-SM-F29UD
Cum_Tumors_TSCA22_all	CSHL_PDAC_39-Tumor-SM-F29UE
Cum_Tumors_TSCA22_all	CSHL_PDAC_4-Tumor-SM-F29T7
Cum_Tumors_TSCA22_all	CSHL_PDAC_40-Tumor-SM-F29UF
Cum_Tumors_TSCA22_all	CSHL_PDAC_5-Tumor-SM-F29T8
Cum_Tumors_TSCA22_all	CSHL_PDAC_5-Tumor-SM-F29TY
Cum_Tumors_TSCA22_all	CSHL_PDAC_6-Tumor-SM-F29T9
Cum_Tumors_TSCA22_all	CSHL_PDAC_7-Tumor-SM-F29TA
Cum_Tumors_TSCA22_all	CSHL_PDAC_8-Tumor-SM-F29TB
Cum_Tumors_TSCA22_all	CSHL_PDAC_9-Tumor-SM-F29TC
PoN_TSCA1213_plus_20_random	AA33-Normal-SM-D4L4D
PoN_TSCA1213_plus_20_random	EH014-Normal-SM-D4L35
PoN_TSCA1213_plus_20_random	EH014-Normal-SM-D4L46
PoN_TSCA1213_plus_20_random	EH014-Normal-SM-D4L27
PoN_TSCA1213_plus_20_random	EH015-Normal-SM-D4L2J
PoN_TSCA1213_plus_20_random	EH015-Normal-SM-D4L38
PoN_TSCA1213_plus_20_random	EH015-Normal-SM-D4L2L
PoN_TSCA1213_plus_20_random	EH016-Normal-SM-D4L2E
PoN_TSCA1213_plus_20_random	JL54-Normal-SM-D4L3X
PoN_TSCA1213_plus_20_random	JL58-Normal-SM-D4L4B
PoN_TSCA1213_plus_20_random	PEDS153-Normal-SM-D4L1X
PoN_TSCA1213_plus_20_random	PEDS165-Normal-SM-D4L3J
PoN_TSCA1213_plus_20_random	PEDS166-Normal-SM-D4L3H
PoN_TSCA1213_plus_20_random	PEDS167-Normal-SM-D4L3M
PoN_TSCA1213_plus_20_random	PEDS168-Normal-SM-D4L28
PoN_TSCA1213_plus_20_random	PEDS168-Normal-SM-D4L44
PoN_TSCA1213_plus_20_random	PEDS171-Normal-SM-D4L1V
PoN_TSCA1213_plus_20_random	PEDS171-Normal-SM-D4L21
PoN_TSCA1213_plus_20_random	PEDS171-Normal-SM-D4L3R
PoN_TSCA1213_plus_20_random	PEDS175-Normal-SM-D4L37
PoN_TSCA1213_plus_20_random	PEDS176-Normal-SM-D4L2I
PoN_TSCA1213_plus_20_random	PEDS185-Normal-SM-D4L2Y
PoN_TSCA1213_plus_20_random	PEDS190-Normal-SM-D4L3L
PoN_TSCA1213_plus_20_random	CCLF_PEDS1035-Normal-SM-F29SG
PoN_TSCA1213_plus_20_random	EH021-Normal-SM-DHZ9J
PoN_TSCA1213_plus_20_random	CCLF_SS1009-Normal-SM-F29SO
PoN_TSCA1213_plus_20_random	PEDS179-Normal-SM-DHZ8Z
PoN_TSCA1213_plus_20_random	CCLF_PEDS1008-Normal-SM-E7S23
PoN_TSCA1213_plus_20_random	PEDS196-Normal-SM-DNULT
PoN_TSCA1213_plus_20_random	CCLF_RCRF1016-Normal-SM-GBJBK
PoN_TSCA1213_plus_20_random	CCLF_PEDS1040-Normal-SM-GL7O1
PoN_TSCA1213_plus_20_random	CCLF_RCRF1005-Normal-SM-DNUL8
PoN_TSCA1213_plus_20_random	PEDS206-Normal-SM-DHZ4V
PoN_TSCA1213_plus_20_random	PEDS203-Normal-SM-DHZ8B
PoN_TSCA1213_plus_20_random	PEDS191-Normal-SM-E7S25
PoN_TSCA1213_plus_20_random	PEDS063-Normal-SM-F67EX
PoN_TSCA1213_plus_20_random	AA44-Normal-SM-F67ET
PoN_TSCA1213_plus_20_random	CCLF_PEDS1040-Normal-SM-GL7NC
PoN_TSCA1213_plus_20_random	CCLF_RCRF1009-Normal-SM-F67FU
PoN_TSCA1213_plus_20_random	PEDS162-Normal-SM-DHZ7Y
PoN_TSCA1213_plus_20_random	JL59-Normal-SM-DHZ6R
PoN_TSCA1213_plus_20_random	CCLF_PEDS1027-Normal-SM-F67E1
PoN_TSCA1213_plus_20_random	PEDS187-Normal-SM-E7S1S
PoN_TSCA14_plus_20_random	AB056-Normal-SM-DB2JM
PoN_TSCA14_plus_20_random	EH016-Normal-SM-DB2JP
PoN_TSCA14_plus_20_random	EH019-Normal-SM-DB2J3
PoN_TSCA14_plus_20_random	EH020-Normal-SM-DB2IQ
PoN_TSCA14_plus_20_random	JL58-Normal-SM-DB2JJ
PoN_TSCA14_plus_20_random	JL59-Normal-SM-DB2J6
PoN_TSCA14_plus_20_random	JL61-Normal-SM-DB2JI
PoN_TSCA14_plus_20_random	PEDS153-Normal-SM-DB2IU
PoN_TSCA14_plus_20_random	PEDS157-Normal-SM-DB2I6
PoN_TSCA14_plus_20_random	PEDS160-Normal-SM-DB2HU
PoN_TSCA14_plus_20_random	PEDS166-Normal-SM-DB2I5
PoN_TSCA14_plus_20_random	PEDS175-Normal-SM-DB2IZ
PoN_TSCA14_plus_20_random	PEDS176-Normal-SM-DB2J8
PoN_TSCA14_plus_20_random	PEDS177-Normal-SM-DB2IV
PoN_TSCA14_plus_20_random	PEDS194-Normal-SM-DB2IW
PoN_TSCA14_plus_20_random	PEDS199-Normal-SM-DB2K9
PoN_TSCA14_plus_20_random	CCLF_SS1008-Normal-SM-F29SL
PoN_TSCA14_plus_20_random	PEDS187-Normal-SM-E7S1S
PoN_TSCA14_plus_20_random	JL62-Normal-SM-DHZ6L
PoN_TSCA14_plus_20_random	JL58-Normal-SM-DNUN8
PoN_TSCA14_plus_20_random	PEDS206-Normal-SM-DHZ4V
PoN_TSCA14_plus_20_random	EH021-Normal-SM-DHZ9J
PoN_TSCA14_plus_20_random	PEDS196-Normal-SM-DNULT
PoN_TSCA14_plus_20_random	EH016-Normal-SM-DHZ61
PoN_TSCA14_plus_20_random	EH016-Normal-SM-DHZ69
PoN_TSCA14_plus_20_random	PEDS176-Normal-SM-DNUN3
PoN_TSCA14_plus_20_random	CCLF_JL1001-Normal-SM-E7S2K
PoN_TSCA14_plus_20_random	CCLF_PEDS1019-Normal-SM-E7S24
PoN_TSCA14_plus_20_random	PEDS211-Normal-SM-DO3D4
PoN_TSCA14_plus_20_random	CCLF_PEDS1033-Normal-SM-F29SC
PoN_TSCA14_plus_20_random	PEDS165-Normal-SM-D4L3J
PoN_TSCA14_plus_20_random	CCLF_JL1001-Normal-SM-EUVH5
PoN_TSCA14_plus_20_random	CCLF_JL1001-Normal-SM-EUVFR
PoN_TSCA14_plus_20_random	CCLF_PEDS1017-Normal-SM-EUVGN
PoN_TSCA14_plus_20_random	CCLF_PEDS1020-Normal-SM-E7RZ9
PoN_TSCA14_plus_20_random	PEDS209-Normal-SM-DHZ7E
PoN_TSCA15_plus_20_random	AA33-Normal-SM-DHZ9L
PoN_TSCA15_plus_20_random	AA44-Normal-SM-DHZ88
PoN_TSCA15_plus_20_random	EH016-Normal-SM-DHZ5K
PoN_TSCA15_plus_20_random	EH016-Normal-SM-DHZ5Q
PoN_TSCA15_plus_20_random	EH016-Normal-SM-DHZ61
PoN_TSCA15_plus_20_random	EH016-Normal-SM-DHZ69
PoN_TSCA15_plus_20_random	EH019-Normal-SM-DHZ8I
PoN_TSCA15_plus_20_random	EH020-Normal-SM-DHZ8U
PoN_TSCA15_plus_20_random	EH021-Normal-SM-DHZ9J
PoN_TSCA15_plus_20_random	EH021-Normal-SM-DHZ4X
PoN_TSCA15_plus_20_random	EH022-Normal-SM-DHZ97
PoN_TSCA15_plus_20_random	EH022-Normal-SM-DHZ6N
PoN_TSCA15_plus_20_random	GG001-Normal-SM-DHZ8L
PoN_TSCA15_plus_20_random	GG002-Normal-SM-DHZ8X
PoN_TSCA15_plus_20_random	GG004-Normal-SM-DHZ9Y
PoN_TSCA15_plus_20_random	JL59-Normal-SM-DHZ6R
PoN_TSCA15_plus_20_random	JL59-Normal-SM-DHZ6D
PoN_TSCA15_plus_20_random	JL62-Normal-SM-DHZ6L
PoN_TSCA15_plus_20_random	CCLF_PEDS1002-Normal-SM-DHZ7F
PoN_TSCA15_plus_20_random	PEDS162-Normal-SM-DHZ7Y
PoN_TSCA15_plus_20_random	PEDS179-Normal-SM-DHZ8Z
PoN_TSCA15_plus_20_random	PEDS179-Normal-SM-DHZ7N
PoN_TSCA15_plus_20_random	PEDS182-Normal-SM-DHZ8O
PoN_TSCA15_plus_20_random	PEDS182-Normal-SM-DHZA1
PoN_TSCA15_plus_20_random	PEDS194-Normal-SM-DHZ8P
PoN_TSCA15_plus_20_random	PEDS194-Normal-SM-DHZ7O
PoN_TSCA15_plus_20_random	PEDS194-Normal-SM-DHZ92
PoN_TSCA15_plus_20_random	PEDS194-Normal-SM-DHZ8D
PoN_TSCA15_plus_20_random	PEDS200-Normal-SM-DHZ9Z
PoN_TSCA15_plus_20_random	PEDS203-Normal-SM-DHZ8B
PoN_TSCA15_plus_20_random	PEDS206-Normal-SM-DHZ4V
PoN_TSCA15_plus_20_random	PEDS207-Normal-SM-DHZ6C
PoN_TSCA15_plus_20_random	PEDS209-Normal-SM-DHZ7E
PoN_TSCA15_plus_20_random	CCLF_RCRF004-Normal-SM-DHZ5M
PoN_TSCA15_plus_20_random	TC007-Normal-SM-DHZ6S
PoN_TSCA15_plus_20_random	CCLF_PEDS1047-Normal-SM-GL7NO
PoN_TSCA15_plus_20_random	CCLF_PEDS1037-Normal-SM-F67FW
PoN_TSCA15_plus_20_random	PEDS168-Normal-SM-D4L44
PoN_TSCA15_plus_20_random	CCLF_PEDS1033-Normal-SM-F29SC
PoN_TSCA15_plus_20_random	CCLF_RCRF1018-Normal-SM-GL7LT
PoN_TSCA15_plus_20_random	CCLF_PEDS1016-Normal-SM-EUVHC
PoN_TSCA15_plus_20_random	CCLF_RCRF1014-Normal-SM-GBJ94
PoN_TSCA15_plus_20_random	CCLF_PEDS1034-Normal-SM-F67G4
PoN_TSCA15_plus_20_random	PEDS204-Normal-SM-DNUMZ
PoN_TSCA15_plus_20_random	PEDS167-Normal-SM-D4L3M
PoN_TSCA15_plus_20_random	CCLF_PEDS1035-Normal-SM-F29SG
PoN_TSCA15_plus_20_random	JL54-Normal-SM-D4L3X
PoN_TSCA15_plus_20_random	CCLF_SS1002-Normal-SM-DNUMI
PoN_TSCA15_plus_20_random	CCLF_RCRF1005-Normal-SM-DNUL8
PoN_TSCA15_plus_20_random	PEDS105-Normal-SM-GBJBP
PoN_TSCA15_plus_20_random	CCLF_PEDS1040-Normal-SM-GL7NC
PoN_TSCA15_plus_20_random	JL61-Normal-SM-DNUMV
PoN_TSCA15_plus_20_random	PEDS196-Normal-SM-DNUN7
PoN_TSCA15_plus_20_random	CCLF_PEDS1044-Normal-SM-GL7MY
PoN_TSCA15_plus_20_random	EH020-Normal-SM-DB2IQ
PoN_TSCA16_plus_20_random	CCLF_PEDS1007-Normal-SM-DNULM
PoN_TSCA16_plus_20_random	CCLF_RCRF1005-Normal-SM-DNUL8
PoN_TSCA16_plus_20_random	CCLF_SS1002-Normal-SM-DNUMI
PoN_TSCA16_plus_20_random	CCLF_SS1004-Normal-SM-DNUMG
PoN_TSCA16_plus_20_random	JL57-Normal-SM-DNULJ
PoN_TSCA16_plus_20_random	JL58-Normal-SM-DNUN8
PoN_TSCA16_plus_20_random	JL61-Normal-SM-DNUNK
PoN_TSCA16_plus_20_random	JL61-Normal-SM-DNUMV
PoN_TSCA16_plus_20_random	PEDS176-Normal-SM-DNUN3
PoN_TSCA16_plus_20_random	PEDS196-Normal-SM-DNUN7
PoN_TSCA16_plus_20_random	PEDS196-Normal-SM-DNULT
PoN_TSCA16_plus_20_random	PEDS197-Normal-SM-DNUM7
PoN_TSCA16_plus_20_random	PEDS199-Normal-SM-DNULP
PoN_TSCA16_plus_20_random	PEDS200-Normal-SM-DNUMK
PoN_TSCA16_plus_20_random	PEDS200-Normal-SM-DNUME
PoN_TSCA16_plus_20_random	PEDS204-Normal-SM-DNUMZ
PoN_TSCA16_plus_20_random	PEDS211-Normal-SM-DO3D4
PoN_TSCA16_plus_20_random	PEDS176-Normal-SM-DB2J8
PoN_TSCA16_plus_20_random	CCLF_PEDS1025-Normal-SM-EUVG1
PoN_TSCA16_plus_20_random	CCLF_SS1006-Normal-SM-E7RZR
PoN_TSCA16_plus_20_random	CCLF_PEDS1008-Normal-SM-E7S23
PoN_TSCA16_plus_20_random	CCLF_SS1007-Normal-SM-F67EP
PoN_TSCA16_plus_20_random	EH021-Normal-SM-DHZ9J
PoN_TSCA16_plus_20_random	CCLF_PEDS1033-Normal-SM-F29SD
PoN_TSCA16_plus_20_random	CCLF_PEDS1019-Normal-SM-EUVGI
PoN_TSCA16_plus_20_random	JL61-Normal-SM-DB2JI
PoN_TSCA16_plus_20_random	EH019-Normal-SM-DB2J3
PoN_TSCA16_plus_20_random	PEDS194-Normal-SM-DHZ92
PoN_TSCA16_plus_20_random	EH029-Normal-SM-GBJAT
PoN_TSCA16_plus_20_random	CCLF_RCRF1018-Normal-SM-GL7LT
PoN_TSCA16_plus_20_random	CCLF_PEDS1021-Normal-SM-E7RZX
PoN_TSCA16_plus_20_random	EH016-Normal-SM-DHZ5K
PoN_TSCA16_plus_20_random	EH020-Normal-SM-DB2IQ
PoN_TSCA16_plus_20_random	JL62-Normal-SM-GBJAO
PoN_TSCA16_plus_20_random	PEDS063-Normal-SM-F67EX
PoN_TSCA16_plus_20_random	CCLF_SS1008-Normal-SM-F29SL
PoN_TSCA16_plus_20_random	PEDS194-Normal-SM-DHZ8D
PoN_TSCA17_plus_20_random	CCLF_JL1001-Normal-SM-E7S2K
PoN_TSCA17_plus_20_random	CCLF_PEDS1007-Normal-SM-E7S12
PoN_TSCA17_plus_20_random	CCLF_PEDS1007-Normal-SM-E7S1E
PoN_TSCA17_plus_20_random	CCLF_PEDS1008-Normal-SM-E7S1Q
PoN_TSCA17_plus_20_random	CCLF_PEDS1008-Normal-SM-E7S23
PoN_TSCA17_plus_20_random	CCLF_PEDS1011-Normal-SM-E7RZE
PoN_TSCA17_plus_20_random	CCLF_PEDS1019-Normal-SM-E7S24
PoN_TSCA17_plus_20_random	CCLF_PEDS1020-Normal-SM-E7RZ9
PoN_TSCA17_plus_20_random	CCLF_PEDS1021-Normal-SM-E7RZX
PoN_TSCA17_plus_20_random	CCLF_PEDS1022-Normal-SM-E7RZ3
PoN_TSCA17_plus_20_random	CCLF_RCRF1007-Normal-SM-E7S1M
PoN_TSCA17_plus_20_random	CCLF_SS1003-Normal-SM-E7S2A
PoN_TSCA17_plus_20_random	CCLF_SS1005-Normal-SM-E7S1G
PoN_TSCA17_plus_20_random	CCLF_SS1006-Normal-SM-E7RZR
PoN_TSCA17_plus_20_random	PEDS187-Normal-SM-E7S1S
PoN_TSCA17_plus_20_random	PEDS191-Normal-SM-E7S25
PoN_TSCA17_plus_20_random	PEDS199-Normal-SM-E7S1P
PoN_TSCA17_plus_20_random	PEDS207-Normal-SM-E7RZ4
PoN_TSCA17_plus_20_random	PEDS209-Normal-SM-E7S1H
PoN_TSCA17_plus_20_random	PEDS211-Normal-SM-E7S1T
PoN_TSCA17_plus_20_random	PEDS222-Normal-SM-E7S2B
PoN_TSCA17_plus_20_random	JL58-Normal-SM-DNUN8
PoN_TSCA17_plus_20_random	CCLF_PEDS1026-Normal-SM-EUVH2
PoN_TSCA17_plus_20_random	EH027-Normal-SM-F29SX
PoN_TSCA17_plus_20_random	PEDS105-Normal-SM-GBJBP
PoN_TSCA17_plus_20_random	JL57-Normal-SM-DNULJ
PoN_TSCA17_plus_20_random	PEDS166-Normal-SM-DB2I5
PoN_TSCA17_plus_20_random	GG002-Normal-SM-DHZ8X
PoN_TSCA17_plus_20_random	PEDS194-Normal-SM-DHZ92
PoN_TSCA17_plus_20_random	CCLF_RCRF1005-Normal-SM-DNUL8
PoN_TSCA17_plus_20_random	PEDS196-Normal-SM-DNULT
PoN_TSCA17_plus_20_random	EH016-Normal-SM-DB2JP
PoN_TSCA17_plus_20_random	CCLF_PEDS1040-Normal-SM-GL7MM
PoN_TSCA17_plus_20_random	CCLF_RCRF1009-Normal-SM-F67FU
PoN_TSCA17_plus_20_random	CCLF_RCRF1017-Normal-SM-GBJAJ
PoN_TSCA17_plus_20_random	PEDS176-Normal-SM-DB2J8
PoN_TSCA17_plus_20_random	CCLF_SS1008-Normal-SM-F29SL
PoN_TSCA17_plus_20_random	GG004-Normal-SM-DHZ9Y
PoN_TSCA17_plus_20_random	PEDS162-Normal-SM-DHZ7Y
PoN_TSCA17_plus_20_random	PEDS182-Normal-SM-DHZA1
PoN_TSCA17_plus_20_random	PEDS204-Normal-SM-DNUMZ
PoN_TSCA18_plus_20_random	CCLF_JL1001-Normal-SM-EUVH5
PoN_TSCA18_plus_20_random	CCLF_JL1001-Normal-SM-EUVFR
PoN_TSCA18_plus_20_random	CCLF_PEDS1005-Normal-SM-EUVG6
PoN_TSCA18_plus_20_random	CCLF_PEDS1012-Normal-SM-EUVHI
PoN_TSCA18_plus_20_random	CCLF_PEDS1016-Normal-SM-EUVHC
PoN_TSCA18_plus_20_random	CCLF_PEDS1017-Normal-SM-EUVGN
PoN_TSCA18_plus_20_random	CCLF_PEDS1019-Normal-SM-EUVGI
PoN_TSCA18_plus_20_random	CCLF_PEDS1025-Normal-SM-EUVG1
PoN_TSCA18_plus_20_random	CCLF_PEDS1025-Normal-SM-EUVFO
PoN_TSCA18_plus_20_random	CCLF_PEDS1025-Normal-SM-EUVG8
PoN_TSCA18_plus_20_random	CCLF_PEDS1026-Normal-SM-EUVH2
PoN_TSCA18_plus_20_random	CCLF_PEDS1026-Normal-SM-EUVHW
PoN_TSCA18_plus_20_random	CCLF_PEDS1029-Normal-SM-EUVH1
PoN_TSCA18_plus_20_random	PEDS182-Normal-SM-DHZA1
PoN_TSCA18_plus_20_random	PEDS176-Normal-SM-DNUN3
PoN_TSCA18_plus_20_random	JL59-Normal-SM-DHZ6R
PoN_TSCA18_plus_20_random	PEDS168-Normal-SM-D4L44
PoN_TSCA18_plus_20_random	JL61-Normal-SM-DNUNK
PoN_TSCA18_plus_20_random	EH016-Normal-SM-D4L2E
PoN_TSCA18_plus_20_random	CCLF_PEDS1025-Normal-SM-F29S8
PoN_TSCA18_plus_20_random	CCLF_PEDS1035-Normal-SM-F29SG
PoN_TSCA18_plus_20_random	PEDS191-Normal-SM-E7S25
PoN_TSCA18_plus_20_random	EH016-Normal-SM-DHZ5Q
PoN_TSCA18_plus_20_random	CCLF_PEDS1040-Normal-SM-GL7O1
PoN_TSCA18_plus_20_random	JL62-Normal-SM-GBJAO
PoN_TSCA18_plus_20_random	PEDS166-Normal-SM-DB2I5
PoN_TSCA18_plus_20_random	CCLF_RCRF1011-Normal-SM-GBJBC
PoN_TSCA18_plus_20_random	PEDS199-Normal-SM-DNULP
PoN_TSCA18_plus_20_random	CCLF_PEDS1019-Normal-SM-F67EO
PoN_TSCA18_plus_20_random	JL58-Normal-SM-DNUN8
PoN_TSCA18_plus_20_random	EH015-Normal-SM-D4L2J
PoN_TSCA18_plus_20_random	PEDS207-Normal-SM-DHZ6C
PoN_TSCA18_plus_20_random	EH016-Normal-SM-DHZ69
PoN_TSCA19_plus_20_random	CCLF_PEDS1023-Normal-SM-F29S6
PoN_TSCA19_plus_20_random	CCLF_PEDS1025-Normal-SM-F29S8
PoN_TSCA19_plus_20_random	CCLF_PEDS1033-Normal-SM-F29SD
PoN_TSCA19_plus_20_random	CCLF_PEDS1033-Normal-SM-F29SC
PoN_TSCA19_plus_20_random	CCLF_PEDS1035-Normal-SM-F29SH
PoN_TSCA19_plus_20_random	CCLF_PEDS1035-Normal-SM-F29SG
PoN_TSCA19_plus_20_random	CCLF_SS1008-Normal-SM-F29SL
PoN_TSCA19_plus_20_random	CCLF_SS1009-Normal-SM-F29SO
PoN_TSCA19_plus_20_random	EH026-Normal-SM-F29SV
PoN_TSCA19_plus_20_random	EH027-Normal-SM-F29SX
PoN_TSCA19_plus_20_random	CCLF_SS1006-Normal-SM-E7RZR
PoN_TSCA19_plus_20_random	CCLF_PEDS1019-Normal-SM-E7S24
PoN_TSCA19_plus_20_random	GG002-Normal-SM-DHZ8X
PoN_TSCA19_plus_20_random	CCLF_SS1004-Normal-SM-DNUMG
PoN_TSCA19_plus_20_random	CCLF_RCRF1014-Normal-SM-GBJ94
PoN_TSCA19_plus_20_random	EH020-Normal-SM-DHZ8U
PoN_TSCA19_plus_20_random	EH021-Normal-SM-DHZ4X
PoN_TSCA19_plus_20_random	EH020-Normal-SM-DB2IQ
PoN_TSCA19_plus_20_random	PEDS167-Normal-SM-D4L3M
PoN_TSCA19_plus_20_random	CCLF_PEDS1007-Normal-SM-DNULM
PoN_TSCA19_plus_20_random	AA33-Normal-SM-D4L4D
PoN_TSCA19_plus_20_random	PEDS157-Normal-SM-DB2I6
PoN_TSCA19_plus_20_random	EH016-Normal-SM-DB2JP
PoN_TSCA19_plus_20_random	CCLF_SS1003-Normal-SM-E7S2A
PoN_TSCA19_plus_20_random	EH016-Normal-SM-DHZ69
PoN_TSCA19_plus_20_random	PEDS194-Normal-SM-DHZ7O
PoN_TSCA19_plus_20_random	PEDS200-Normal-SM-DNUME
PoN_TSCA19_plus_20_random	CCLF_PEDS1012-Normal-SM-EUVHI
PoN_TSCA19_plus_20_random	JL58-Normal-SM-D4L4B
PoN_TSCA19_plus_20_random	PEDS211-Normal-SM-E7S1T
PoN_TSCA20_plus_20_random	AA44-Normal-SM-F67ET
PoN_TSCA20_plus_20_random	CCLF_PEDS1019-Normal-SM-F67EO
PoN_TSCA20_plus_20_random	CCLF_PEDS1027-Normal-SM-F67E1
PoN_TSCA20_plus_20_random	CCLF_PEDS1029-Normal-SM-F67EJ
PoN_TSCA20_plus_20_random	CCLF_PEDS1033-Normal-SM-F67FB
PoN_TSCA20_plus_20_random	CCLF_PEDS1034-Normal-SM-F67G4
PoN_TSCA20_plus_20_random	CCLF_PEDS1037-Normal-SM-F67FW
PoN_TSCA20_plus_20_random	CCLF_RCRF1009-Normal-SM-F67FU
PoN_TSCA20_plus_20_random	CCLF_SS1007-Normal-SM-F67EP
PoN_TSCA20_plus_20_random	PEDS063-Normal-SM-F67EX
PoN_TSCA20_plus_20_random	PEDS143-Normal-SM-F67F9
PoN_TSCA20_plus_20_random	PEDS168-Normal-SM-D4L44
PoN_TSCA20_plus_20_random	PEDS187-Normal-SM-E7S1S
PoN_TSCA20_plus_20_random	CCLF_PEDS1025-Normal-SM-EUVFO
PoN_TSCA20_plus_20_random	PEDS222-Normal-SM-E7S2B
PoN_TSCA20_plus_20_random	CCLF_PEDS1008-Normal-SM-E7S1Q
PoN_TSCA20_plus_20_random	PEDS194-Normal-SM-DHZ92
PoN_TSCA20_plus_20_random	JL61-Normal-SM-DNUMV
PoN_TSCA20_plus_20_random	PEDS211-Normal-SM-DO3D4
PoN_TSCA20_plus_20_random	CCLF_RCRF1017-Normal-SM-GBJAJ
PoN_TSCA20_plus_20_random	PEDS194-Normal-SM-DB2IW
PoN_TSCA20_plus_20_random	CCLF_PEDS1026-Normal-SM-EUVH2
PoN_TSCA20_plus_20_random	PEDS200-Normal-SM-DNUME
PoN_TSCA20_plus_20_random	EH016-Normal-SM-DB2JP
PoN_TSCA20_plus_20_random	PEDS209-Normal-SM-DHZ7E
PoN_TSCA20_plus_20_random	EH016-Normal-SM-DHZ5K
PoN_TSCA20_plus_20_random	PEDS171-Normal-SM-D4L3R
PoN_TSCA20_plus_20_random	EH014-Normal-SM-D4L46
PoN_TSCA20_plus_20_random	JL58-Normal-SM-D4L4B
PoN_TSCA20_plus_20_random	CCLF_PEDS1033-Normal-SM-F29SC
PoN_TSCA20_plus_20_random	PEDS200-Normal-SM-DHZ9Z
PoN_TSCA21_plus_20_random	CCLF_RCRF1011-Normal-SM-GBJBC
PoN_TSCA21_plus_20_random	CCLF_RCRF1012-Normal-SM-GBJAN
PoN_TSCA21_plus_20_random	CCLF_RCRF1014-Normal-SM-GBJ94
PoN_TSCA21_plus_20_random	CCLF_RCRF1015-Normal-SM-GBJ9Z
PoN_TSCA21_plus_20_random	CCLF_RCRF1016-Normal-SM-GBJBK
PoN_TSCA21_plus_20_random	CCLF_RCRF1017-Normal-SM-GBJAJ
PoN_TSCA21_plus_20_random	EH029-Normal-SM-GBJAT
PoN_TSCA21_plus_20_random	EH030-Normal-SM-GBJBI
PoN_TSCA21_plus_20_random	JL62-Normal-SM-GBJAO
PoN_TSCA21_plus_20_random	PEDS063-Normal-SM-GBJB9
PoN_TSCA21_plus_20_random	PEDS105-Normal-SM-GBJ9V
PoN_TSCA21_plus_20_random	PEDS105-Normal-SM-GBJBP
PoN_TSCA21_plus_20_random	PEDS196-Normal-SM-DNUN7
PoN_TSCA21_plus_20_random	CCLF_SS1008-Normal-SM-F29SL
PoN_TSCA21_plus_20_random	PEDS191-Normal-SM-E7S25
PoN_TSCA21_plus_20_random	PEDS194-Normal-SM-DHZ7O
PoN_TSCA21_plus_20_random	PEDS199-Normal-SM-DNULP
PoN_TSCA21_plus_20_random	CCLF_PEDS1019-Normal-SM-EUVGI
PoN_TSCA21_plus_20_random	PEDS171-Normal-SM-D4L1V
PoN_TSCA21_plus_20_random	JL59-Normal-SM-DHZ6D
PoN_TSCA21_plus_20_random	PEDS204-Normal-SM-DNUMZ
PoN_TSCA21_plus_20_random	EH019-Normal-SM-DB2J3
PoN_TSCA21_plus_20_random	AA44-Normal-SM-DHZ88
PoN_TSCA21_plus_20_random	EH016-Normal-SM-D4L2E
PoN_TSCA21_plus_20_random	CCLF_PEDS1035-Normal-SM-F29SG
PoN_TSCA21_plus_20_random	PEDS165-Normal-SM-D4L3J
PoN_TSCA21_plus_20_random	PEDS194-Normal-SM-DHZ8P
PoN_TSCA21_plus_20_random	JL62-Normal-SM-DHZ6L
PoN_TSCA21_plus_20_random	JL58-Normal-SM-DNUN8
PoN_TSCA21_plus_20_random	PEDS153-Normal-SM-D4L1X
PoN_TSCA21_plus_20_random	CCLF_PEDS1005-Normal-SM-EUVG6
PoN_TSCA21_plus_20_random	PEDS182-Normal-SM-DHZ8O
PoN_TSCA22_plus_20_random	CCLF_PEDS1040-Normal-SM-GL7O1
PoN_TSCA22_plus_20_random	CCLF_PEDS1040-Normal-SM-GL7MM
PoN_TSCA22_plus_20_random	CCLF_PEDS1040-Normal-SM-GL7NC
PoN_TSCA22_plus_20_random	CCLF_PEDS1044-Normal-SM-GL7MY
PoN_TSCA22_plus_20_random	CCLF_PEDS1047-Normal-SM-GL7NO
PoN_TSCA22_plus_20_random	CCLF_RCRF1018-Normal-SM-GL7LT
PoN_TSCA22_plus_20_random	PEDS182-Normal-SM-DHZA1
PoN_TSCA22_plus_20_random	CCLF_PEDS1007-Normal-SM-DNULM
PoN_TSCA22_plus_20_random	EH016-Normal-SM-DHZ69
PoN_TSCA22_plus_20_random	PEDS177-Normal-SM-DB2IV
PoN_TSCA22_plus_20_random	PEDS165-Normal-SM-D4L3J
PoN_TSCA22_plus_20_random	CCLF_PEDS1026-Normal-SM-EUVH2
PoN_TSCA22_plus_20_random	EH015-Normal-SM-D4L38
PoN_TSCA22_plus_20_random	CCLF_PEDS1037-Normal-SM-F67FW
PoN_TSCA22_plus_20_random	JL61-Normal-SM-DNUMV
PoN_TSCA22_plus_20_random	PEDS197-Normal-SM-DNUM7
PoN_TSCA22_plus_20_random	PEDS190-Normal-SM-D4L3L
PoN_TSCA22_plus_20_random	PEDS185-Normal-SM-D4L2Y
PoN_TSCA22_plus_20_random	PEDS207-Normal-SM-DHZ6C
PoN_TSCA22_plus_20_random	EH027-Normal-SM-F29SX
PoN_TSCA22_plus_20_random	CCLF_PEDS1023-Normal-SM-F29S6
PoN_TSCA22_plus_20_random	AA44-Normal-SM-F67ET
PoN_TSCA22_plus_20_random	EH014-Normal-SM-D4L46
PoN_TSCA22_plus_20_random	CCLF_PEDS1005-Normal-SM-EUVG6
PoN_TSCA22_plus_20_random	PEDS203-Normal-SM-DHZ8B
PoN_TSCA22_plus_20_random	CCLF_RCRF1014-Normal-SM-GBJ94
TSCA1213	AA33-Normal-SM-D4L4D
TSCA1213	AA34-Tumor-SM-D4L25
TSCA1213	AA36-Tumor-SM-D4L2H
TSCA1213	AA39-Tumor-SM-D4L3Q
TSCA1213	AA40-Tumor-SM-D4L42
TSCA1213	AB044-Tumor-SM-D4L2M
TSCA1213	ANGMCSS-Tumor-SM-D4L2G
TSCA1213	BT1008-Tumor-SM-D4L45
TSCA1213	BT922-Tumor-SM-D4L1W
TSCA1213	BT923-Tumor-SM-D4L3W
TSCA1213	BT950-Tumor-SM-D4L48
TSCA1213	BT961-Tumor-SM-D4L3C
TSCA1213	BT972-Tumor-SM-D4L3Y
TSCA1213	CHLA200-Tumor-SM-CNN37
TSCA1213	CO001-Tumor-SM-D4L3V
TSCA1213	CO002-Tumor-SM-D4L47
TSCA1213	CO003-Tumor-SM-D4L1Y
TSCA1213	CO004-Tumor-SM-D4L3B
TSCA1213	CO005-Tumor-SM-D4L2P
TSCA1213	CO006-Tumor-SM-D4L7Q
TSCA1213	CO007-Tumor-SM-D4L49
TSCA1213	COGAR359-Tumor-SM-CNN4H
TSCA1213	COGH430-Tumor-SM-CNN2V
TSCA1213	CY004-Tumor-SM-D4L3I
TSCA1213	CY007-Tumor-SM-D4L2V
TSCA1213	CY010-Tumor-SM-D4L2Z
TSCA1213	DW027-Tumor-SM-CJX4Z
TSCA1213	DW031-Tumor-SM-CJX51
TSCA1213	DW031-Tumor-SM-CJX52
TSCA1213	DW032-Tumor-SM-CJX53
TSCA1213	DW033-Tumor-SM-CJX54
TSCA1213	EH014-Normal-SM-D4L35
TSCA1213	EH014-Normal-SM-D4L46
TSCA1213	EH014-Normal-SM-D4L27
TSCA1213	EH014-Tumor-SM-D4L26
TSCA1213	EH014-Tumor-SM-D4L1T
TSCA1213	EH014-Tumor-SM-D4L2W
TSCA1213	EH015-Normal-SM-D4L2J
TSCA1213	EH015-Normal-SM-D4L38
TSCA1213	EH015-Normal-SM-D4L2L
TSCA1213	EH015-Tumor-SM-D4L1Z
TSCA1213	EH015-Tumor-SM-D4L2X
TSCA1213	EH015-Tumor-SM-D4L3A
TSCA1213	EH015-Tumor-SM-D4L2B
TSCA1213	EH016-Normal-SM-D4L2E
TSCA1213	GIMEN-Tumor-SM-D4L3E
TSCA1213	H103-Tumor-SM-D4L41
TSCA1213	H157-Tumor-SM-D4L34
TSCA1213	HG002-Tumor-SM-D4L3T
TSCA1213	HG008-Tumor-SM-D4L3O
TSCA1213	HG009-Tumor-SM-D4L3D
TSCA1213	HG019-Tumor-SM-D4L3Z
TSCA1213	HG020-Tumor-SM-D4L2Q
TSCA1213	JL54-Normal-SM-D4L3X
TSCA1213	JL54-Tumor-SM-D4L2D
TSCA1213	JL58-Normal-SM-D4L4B
TSCA1213	JL58-Tumor-SM-D4L32
TSCA1213	JNT100-Tumor-SM-D1849
TSCA1213	JNT101-Tumor-SM-D184A
TSCA1213	JNT102-Tumor-SM-D184B
TSCA1213	JNT103-Tumor-SM-D184C
TSCA1213	JNT104-Tumor-SM-D184D
TSCA1213	JNT105-Tumor-SM-D184E
TSCA1213	JNT106-Tumor-SM-D184F
TSCA1213	JNT107-Tumor-SM-D184G
TSCA1213	JNT108-Tumor-SM-D184H
TSCA1213	JNT109-Tumor-SM-D184I
TSCA1213	JNT110-Tumor-SM-D184J
TSCA1213	JNT111-Tumor-SM-D184K
TSCA1213	JNT112-Tumor-SM-D184L
TSCA1213	JNT113-Tumor-SM-D184M
TSCA1213	JNT114-Tumor-SM-D184N
TSCA1213	JNT115-Tumor-SM-D184O
TSCA1213	JNT116-Tumor-SM-D184P
TSCA1213	JNT117-Tumor-SM-D184Q
TSCA1213	JNT118-Tumor-SM-D184R
TSCA1213	JNT119-Tumor-SM-D184S
TSCA1213	JNT120-Tumor-SM-D184T
TSCA1213	JNT121-Tumor-SM-D184U
TSCA1213	JNT122-Tumor-SM-D184V
TSCA1213	JNT123-Tumor-SM-D184W
TSCA1213	JNT124-Tumor-SM-D184X
TSCA1213	JNT125-Tumor-SM-D184Y
TSCA1213	JNT126-Tumor-SM-D184Z
TSCA1213	JNT127-Tumor-SM-D1851
TSCA1213	JNT128-Tumor-SM-D1852
TSCA1213	JNT129-Tumor-SM-D1853
TSCA1213	JNT130-Tumor-SM-D1854
TSCA1213	JNT131-Tumor-SM-D1855
TSCA1213	JNT132-Tumor-SM-D1856
TSCA1213	JNT133-Tumor-SM-D1857
TSCA1213	JNT134-Tumor-SM-D1858
TSCA1213	JNT135-Tumor-SM-D1859
TSCA1213	JNT136-Tumor-SM-D185A
TSCA1213	JNT137-Tumor-SM-D185B
TSCA1213	JNT138-Tumor-SM-D185C
TSCA1213	JNT49-Tumor-SM-D182S
TSCA1213	JNT50-Tumor-SM-D182T
TSCA1213	JNT51-Tumor-SM-D182U
TSCA1213	JNT52-Tumor-SM-D182V
TSCA1213	JNT53-Tumor-SM-D182W
TSCA1213	JNT54-Tumor-SM-D182X
TSCA1213	JNT55-Tumor-SM-D182Y
TSCA1213	JNT56-Tumor-SM-D182Z
TSCA1213	JNT57-Tumor-SM-D1831
TSCA1213	JNT58-Tumor-SM-D1832
TSCA1213	JNT59-Tumor-SM-D1833
TSCA1213	JNT60-Tumor-SM-D1834
TSCA1213	JNT61-Tumor-SM-D1835
TSCA1213	JNT62-Tumor-SM-D1836
TSCA1213	JNT63-Tumor-SM-D1837
TSCA1213	JNT64-Tumor-SM-D1838
TSCA1213	JNT65-Tumor-SM-D1839
TSCA1213	JNT66-Tumor-SM-D183A
TSCA1213	JNT67-Tumor-SM-D183B
TSCA1213	JNT68-Tumor-SM-D183C
TSCA1213	JNT69-Tumor-SM-D183D
TSCA1213	JNT70-Tumor-SM-D183E
TSCA1213	JNT71-Tumor-SM-D183F
TSCA1213	JNT72-Tumor-SM-D183G
TSCA1213	JNT73-Tumor-SM-D183H
TSCA1213	JNT74-Tumor-SM-D183I
TSCA1213	JNT75-Tumor-SM-D183J
TSCA1213	JNT76-Tumor-SM-D183K
TSCA1213	JNT77-Tumor-SM-D183L
TSCA1213	JNT78-Tumor-SM-D183M
TSCA1213	JNT79-Tumor-SM-D183N
TSCA1213	JNT80-Tumor-SM-D183O
TSCA1213	JNT81-Tumor-SM-D183P
TSCA1213	JNT82-Tumor-SM-D183Q
TSCA1213	JNT83-Tumor-SM-D183R
TSCA1213	JNT84-Tumor-SM-D183S
TSCA1213	JNT85-Tumor-SM-D183T
TSCA1213	JNT86-Tumor-SM-D183U
TSCA1213	JNT87-Tumor-SM-D183V
TSCA1213	JNT88-Tumor-SM-D183W
TSCA1213	JNT89-Tumor-SM-D183X
TSCA1213	JNT90-Tumor-SM-D183Y
TSCA1213	JNT91-Tumor-SM-D183Z
TSCA1213	JNT92-Tumor-SM-D1841
TSCA1213	JNT93-Tumor-SM-D1842
TSCA1213	JNT94-Tumor-SM-D1843
TSCA1213	JNT95-Tumor-SM-D1844
TSCA1213	JNT96-Tumor-SM-D1845
TSCA1213	JNT97-Tumor-SM-D1846
TSCA1213	JNT98-Tumor-SM-D1847
TSCA1213	JNT99-Tumor-SM-D1848
TSCA1213	MB1-Tumor-SM-D4L33
TSCA1213	OACM51-Tumor-SM-D4L3P
TSCA1213	OCIC5x-Tumor-SM-D4L2S
TSCA1213	OCIP8p-Tumor-SM-D4L4C
TSCA1213	OV17R-Tumor-SM-D4L24
TSCA1213	PACADD165-Tumor-SM-D4L2R
TSCA1213	PACADD183-Tumor-SM-D4L2F
TSCA1213	PEDS071-Tumor-SM-D4L2A
TSCA1213	PEDS153-Normal-SM-D4L1X
TSCA1213	PEDS153-Tumor-SM-D4L39
TSCA1213	PEDS153-Tumor-SM-D4L3G
TSCA1213	PEDS163-Tumor-SM-D4L3U
TSCA1213	PEDS163-Tumor-SM-D4L36
TSCA1213	PEDS165-Normal-SM-D4L3J
TSCA1213	PEDS165-Tumor-SM-D4L2U
TSCA1213	PEDS165-Tumor-SM-D4L29
TSCA1213	PEDS165-Tumor-SM-D4L1U
TSCA1213	PEDS165-Tumor-SM-D4L43
TSCA1213	PEDS166-Normal-SM-D4L3H
TSCA1213	PEDS166-Tumor-SM-D4L2O
TSCA1213	PEDS167-Normal-SM-D4L3M
TSCA1213	PEDS167-Tumor-SM-D4L31
TSCA1213	PEDS168-Normal-SM-D4L28
TSCA1213	PEDS168-Normal-SM-D4L44
TSCA1213	PEDS168-Tumor-SM-D4L2K
TSCA1213	PEDS171-Normal-SM-D4L1V
TSCA1213	PEDS171-Normal-SM-D4L21
TSCA1213	PEDS171-Normal-SM-D4L3R
TSCA1213	PEDS174-Tumor-SM-D4L3K
TSCA1213	PEDS174-Tumor-SM-D4L3N
TSCA1213	PEDS175-Normal-SM-D4L37
TSCA1213	PEDS176-Normal-SM-D4L2I
TSCA1213	PEDS176-Tumor-SM-D4L2T
TSCA1213	PEDS185-Normal-SM-D4L2Y
TSCA1213	PEDS185-Tumor-SM-D4L2N
TSCA1213	PEDS186-Tumor-SM-D4L4A
TSCA1213	PEDS187-Tumor-SM-D4L22
TSCA1213	PEDS190-Normal-SM-D4L3L
TSCA1213	PM748-Tumor-SM-D4L3S
TSCA1213	SW13-Tumor-SM-CNN4R
TSCA1213	SW756-Tumor-SM-D4L23
TSCA1213	SW954-Tumor-SM-D4L3F
TSCA1213	UMUC9-Tumor-SM-CNN38
TSCA1213_N	AA33-Normal-SM-D4L4D
TSCA1213_N	EH014-Normal-SM-D4L35
TSCA1213_N	EH014-Normal-SM-D4L46
TSCA1213_N	EH014-Normal-SM-D4L27
TSCA1213_N	EH015-Normal-SM-D4L2J
TSCA1213_N	EH015-Normal-SM-D4L38
TSCA1213_N	EH015-Normal-SM-D4L2L
TSCA1213_N	EH016-Normal-SM-D4L2E
TSCA1213_N	JL54-Normal-SM-D4L3X
TSCA1213_N	JL58-Normal-SM-D4L4B
TSCA1213_N	PEDS153-Normal-SM-D4L1X
TSCA1213_N	PEDS165-Normal-SM-D4L3J
TSCA1213_N	PEDS166-Normal-SM-D4L3H
TSCA1213_N	PEDS167-Normal-SM-D4L3M
TSCA1213_N	PEDS168-Normal-SM-D4L28
TSCA1213_N	PEDS168-Normal-SM-D4L44
TSCA1213_N	PEDS171-Normal-SM-D4L1V
TSCA1213_N	PEDS171-Normal-SM-D4L21
TSCA1213_N	PEDS171-Normal-SM-D4L3R
TSCA1213_N	PEDS175-Normal-SM-D4L37
TSCA1213_N	PEDS176-Normal-SM-D4L2I
TSCA1213_N	PEDS185-Normal-SM-D4L2Y
TSCA1213_N	PEDS190-Normal-SM-D4L3L
TSCA1213_T	AA34-Tumor-SM-D4L25
TSCA1213_T	AA36-Tumor-SM-D4L2H
TSCA1213_T	AA39-Tumor-SM-D4L3Q
TSCA1213_T	AA40-Tumor-SM-D4L42
TSCA1213_T	AB044-Tumor-SM-D4L2M
TSCA1213_T	ANGMCSS-Tumor-SM-D4L2G
TSCA1213_T	BT1008-Tumor-SM-D4L45
TSCA1213_T	BT922-Tumor-SM-D4L1W
TSCA1213_T	BT923-Tumor-SM-D4L3W
TSCA1213_T	BT950-Tumor-SM-D4L48
TSCA1213_T	BT961-Tumor-SM-D4L3C
TSCA1213_T	BT972-Tumor-SM-D4L3Y
TSCA1213_T	CHLA200-Tumor-SM-CNN37
TSCA1213_T	CO001-Tumor-SM-D4L3V
TSCA1213_T	CO002-Tumor-SM-D4L47
TSCA1213_T	CO003-Tumor-SM-D4L1Y
TSCA1213_T	CO004-Tumor-SM-D4L3B
TSCA1213_T	CO005-Tumor-SM-D4L2P
TSCA1213_T	CO006-Tumor-SM-D4L7Q
TSCA1213_T	CO007-Tumor-SM-D4L49
TSCA1213_T	COGAR359-Tumor-SM-CNN4H
TSCA1213_T	COGH430-Tumor-SM-CNN2V
TSCA1213_T	CY004-Tumor-SM-D4L3I
TSCA1213_T	CY007-Tumor-SM-D4L2V
TSCA1213_T	CY010-Tumor-SM-D4L2Z
TSCA1213_T	DW027-Tumor-SM-CJX4Z
TSCA1213_T	DW031-Tumor-SM-CJX51
TSCA1213_T	DW031-Tumor-SM-CJX52
TSCA1213_T	DW032-Tumor-SM-CJX53
TSCA1213_T	DW033-Tumor-SM-CJX54
TSCA1213_T	EH014-Tumor-SM-D4L26
TSCA1213_T	EH014-Tumor-SM-D4L1T
TSCA1213_T	EH014-Tumor-SM-D4L2W
TSCA1213_T	EH015-Tumor-SM-D4L1Z
TSCA1213_T	EH015-Tumor-SM-D4L2X
TSCA1213_T	EH015-Tumor-SM-D4L3A
TSCA1213_T	EH015-Tumor-SM-D4L2B
TSCA1213_T	GIMEN-Tumor-SM-D4L3E
TSCA1213_T	H103-Tumor-SM-D4L41
TSCA1213_T	H157-Tumor-SM-D4L34
TSCA1213_T	HG002-Tumor-SM-D4L3T
TSCA1213_T	HG008-Tumor-SM-D4L3O
TSCA1213_T	HG009-Tumor-SM-D4L3D
TSCA1213_T	HG019-Tumor-SM-D4L3Z
TSCA1213_T	HG020-Tumor-SM-D4L2Q
TSCA1213_T	JL54-Tumor-SM-D4L2D
TSCA1213_T	JL58-Tumor-SM-D4L32
TSCA1213_T	JNT100-Tumor-SM-D1849
TSCA1213_T	JNT101-Tumor-SM-D184A
TSCA1213_T	JNT102-Tumor-SM-D184B
TSCA1213_T	JNT103-Tumor-SM-D184C
TSCA1213_T	JNT104-Tumor-SM-D184D
TSCA1213_T	JNT105-Tumor-SM-D184E
TSCA1213_T	JNT106-Tumor-SM-D184F
TSCA1213_T	JNT107-Tumor-SM-D184G
TSCA1213_T	JNT108-Tumor-SM-D184H
TSCA1213_T	JNT109-Tumor-SM-D184I
TSCA1213_T	JNT110-Tumor-SM-D184J
TSCA1213_T	JNT111-Tumor-SM-D184K
TSCA1213_T	JNT112-Tumor-SM-D184L
TSCA1213_T	JNT113-Tumor-SM-D184M
TSCA1213_T	JNT114-Tumor-SM-D184N
TSCA1213_T	JNT115-Tumor-SM-D184O
TSCA1213_T	JNT116-Tumor-SM-D184P
TSCA1213_T	JNT117-Tumor-SM-D184Q
TSCA1213_T	JNT118-Tumor-SM-D184R
TSCA1213_T	JNT119-Tumor-SM-D184S
TSCA1213_T	JNT120-Tumor-SM-D184T
TSCA1213_T	JNT121-Tumor-SM-D184U
TSCA1213_T	JNT122-Tumor-SM-D184V
TSCA1213_T	JNT123-Tumor-SM-D184W
TSCA1213_T	JNT124-Tumor-SM-D184X
TSCA1213_T	JNT125-Tumor-SM-D184Y
TSCA1213_T	JNT126-Tumor-SM-D184Z
TSCA1213_T	JNT127-Tumor-SM-D1851
TSCA1213_T	JNT128-Tumor-SM-D1852
TSCA1213_T	JNT129-Tumor-SM-D1853
TSCA1213_T	JNT130-Tumor-SM-D1854
TSCA1213_T	JNT131-Tumor-SM-D1855
TSCA1213_T	JNT132-Tumor-SM-D1856
TSCA1213_T	JNT133-Tumor-SM-D1857
TSCA1213_T	JNT134-Tumor-SM-D1858
TSCA1213_T	JNT135-Tumor-SM-D1859
TSCA1213_T	JNT136-Tumor-SM-D185A
TSCA1213_T	JNT137-Tumor-SM-D185B
TSCA1213_T	JNT138-Tumor-SM-D185C
TSCA1213_T	JNT49-Tumor-SM-D182S
TSCA1213_T	JNT50-Tumor-SM-D182T
TSCA1213_T	JNT51-Tumor-SM-D182U
TSCA1213_T	JNT52-Tumor-SM-D182V
TSCA1213_T	JNT53-Tumor-SM-D182W
TSCA1213_T	JNT54-Tumor-SM-D182X
TSCA1213_T	JNT55-Tumor-SM-D182Y
TSCA1213_T	JNT56-Tumor-SM-D182Z
TSCA1213_T	JNT57-Tumor-SM-D1831
TSCA1213_T	JNT58-Tumor-SM-D1832
TSCA1213_T	JNT59-Tumor-SM-D1833
TSCA1213_T	JNT60-Tumor-SM-D1834
TSCA1213_T	JNT61-Tumor-SM-D1835
TSCA1213_T	JNT62-Tumor-SM-D1836
TSCA1213_T	JNT63-Tumor-SM-D1837
TSCA1213_T	JNT64-Tumor-SM-D1838
TSCA1213_T	JNT65-Tumor-SM-D1839
TSCA1213_T	JNT66-Tumor-SM-D183A
TSCA1213_T	JNT67-Tumor-SM-D183B
TSCA1213_T	JNT68-Tumor-SM-D183C
TSCA1213_T	JNT69-Tumor-SM-D183D
TSCA1213_T	JNT70-Tumor-SM-D183E
TSCA1213_T	JNT71-Tumor-SM-D183F
TSCA1213_T	JNT72-Tumor-SM-D183G
TSCA1213_T	JNT73-Tumor-SM-D183H
TSCA1213_T	JNT74-Tumor-SM-D183I
TSCA1213_T	JNT75-Tumor-SM-D183J
TSCA1213_T	JNT76-Tumor-SM-D183K
TSCA1213_T	JNT77-Tumor-SM-D183L
TSCA1213_T	JNT78-Tumor-SM-D183M
TSCA1213_T	JNT79-Tumor-SM-D183N
TSCA1213_T	JNT80-Tumor-SM-D183O
TSCA1213_T	JNT81-Tumor-SM-D183P
TSCA1213_T	JNT82-Tumor-SM-D183Q
TSCA1213_T	JNT83-Tumor-SM-D183R
TSCA1213_T	JNT84-Tumor-SM-D183S
TSCA1213_T	JNT85-Tumor-SM-D183T
TSCA1213_T	JNT86-Tumor-SM-D183U
TSCA1213_T	JNT87-Tumor-SM-D183V
TSCA1213_T	JNT88-Tumor-SM-D183W
TSCA1213_T	JNT89-Tumor-SM-D183X
TSCA1213_T	JNT90-Tumor-SM-D183Y
TSCA1213_T	JNT91-Tumor-SM-D183Z
TSCA1213_T	JNT92-Tumor-SM-D1841
TSCA1213_T	JNT93-Tumor-SM-D1842
TSCA1213_T	JNT94-Tumor-SM-D1843
TSCA1213_T	JNT95-Tumor-SM-D1844
TSCA1213_T	JNT96-Tumor-SM-D1845
TSCA1213_T	JNT97-Tumor-SM-D1846
TSCA1213_T	JNT98-Tumor-SM-D1847
TSCA1213_T	JNT99-Tumor-SM-D1848
TSCA1213_T	MB1-Tumor-SM-D4L33
TSCA1213_T	OACM51-Tumor-SM-D4L3P
TSCA1213_T	OCIC5x-Tumor-SM-D4L2S
TSCA1213_T	OCIP8p-Tumor-SM-D4L4C
TSCA1213_T	OV17R-Tumor-SM-D4L24
TSCA1213_T	PACADD165-Tumor-SM-D4L2R
TSCA1213_T	PACADD183-Tumor-SM-D4L2F
TSCA1213_T	PEDS071-Tumor-SM-D4L2A
TSCA1213_T	PEDS153-Tumor-SM-D4L39
TSCA1213_T	PEDS153-Tumor-SM-D4L3G
TSCA1213_T	PEDS163-Tumor-SM-D4L3U
TSCA1213_T	PEDS163-Tumor-SM-D4L36
TSCA1213_T	PEDS165-Tumor-SM-D4L2U
TSCA1213_T	PEDS165-Tumor-SM-D4L29
TSCA1213_T	PEDS165-Tumor-SM-D4L1U
TSCA1213_T	PEDS165-Tumor-SM-D4L43
TSCA1213_T	PEDS166-Tumor-SM-D4L2O
TSCA1213_T	PEDS167-Tumor-SM-D4L31
TSCA1213_T	PEDS168-Tumor-SM-D4L2K
TSCA1213_T	PEDS174-Tumor-SM-D4L3K
TSCA1213_T	PEDS174-Tumor-SM-D4L3N
TSCA1213_T	PEDS176-Tumor-SM-D4L2T
TSCA1213_T	PEDS185-Tumor-SM-D4L2N
TSCA1213_T	PEDS186-Tumor-SM-D4L4A
TSCA1213_T	PEDS187-Tumor-SM-D4L22
TSCA1213_T	PM748-Tumor-SM-D4L3S
TSCA1213_T	SW13-Tumor-SM-CNN4R
TSCA1213_T	SW756-Tumor-SM-D4L23
TSCA1213_T	SW954-Tumor-SM-D4L3F
TSCA1213_T	UMUC9-Tumor-SM-CNN38
TSCA14	AB035-Tumor-SM-DB3R5
TSCA14	AB055-Tumor-SM-DB2IN
TSCA14	AB056-Normal-SM-DB2JM
TSCA14	AB056-Tumor-SM-DB2JY
TSCA14	AB057-Tumor-SM-DB3R2
TSCA14	BT1009-Tumor-SM-DB2HZ
TSCA14	BT1010-Tumor-SM-DB2K1
TSCA14	BT1011-Tumor-SM-DB2HX
TSCA14	BT1012-Tumor-SM-DB2IA
TSCA14	BT1015-Tumor-SM-DB2IM
TSCA14	BT1016-Tumor-SM-DB2IY
TSCA14	BT1018-Tumor-SM-DB2IX
TSCA14	BT1019-Tumor-SM-DB2JB
TSCA14	BT1022-Tumor-SM-DB2JE
TSCA14	BT1023-Tumor-SM-DB2J2
TSCA14	BT924-Tumor-SM-DB2JA
TSCA14	BT924-Tumor-SM-DB2ID
TSCA14	BT953-Tumor-SM-DB2K2
TSCA14	BT961-Tumor-SM-DB2I9
TSCA14	BT987-Tumor-SM-DB2IL
TSCA14	CO001-Tumor-SM-DB2JH
TSCA14	CO002-Tumor-SM-DB2KH
TSCA14	CO003-Tumor-SM-DB2J5
TSCA14	CO005-Tumor-SM-DB2IS
TSCA14	CO007-Tumor-SM-DB2IG
TSCA14	CO008-Tumor-SM-DB2I4
TSCA14	CO008-Tumor-SM-DB3R8
TSCA14	CY011-Tumor-SM-DB2IB
TSCA14	DW019-Tumor-SM-DB2KG
TSCA14	DW020-Tumor-SM-DB2IK
TSCA14	DW036-Tumor-SM-DB2K4
TSCA14	DW038-Tumor-SM-DB2I3
TSCA14	DW039-Tumor-SM-DB2IF
TSCA14	EH016-Normal-SM-DB2JP
TSCA14	EH017-Tumor-SM-DB2JO
TSCA14	EH018-Tumor-SM-DB3R1
TSCA14	EH019-Normal-SM-DB2J3
TSCA14	EH019-Tumor-SM-DB3RA
TSCA14	EH020-Normal-SM-DB2IQ
TSCA14	EH020-Tumor-SM-DB3R4
TSCA14	HG001-Tumor-SM-DB2I2
TSCA14	HG002-Tumor-SM-DB2IP
TSCA14	HG002-Tumor-SM-DB2JZ
TSCA14	JL56-Tumor-SM-DB2HT
TSCA14	JL57-Tumor-SM-DB2K7
TSCA14	JL58-Normal-SM-DB2JJ
TSCA14	JL58-Tumor-SM-DB2J7
TSCA14	JL58-Tumor-SM-DB2K8
TSCA14	JL59-Normal-SM-DB2J6
TSCA14	JL60-Tumor-SM-DB2JU
TSCA14	JL61-Normal-SM-DB2JI
TSCA14	JL61-Tumor-SM-DB2IT
TSCA14	LAN6-Tumor-SM-DB2K5
TSCA14	NCIH2135H2135-Tumor-SM-DB2JG
TSCA14	NCIH847H847-Tumor-SM-DB2J4
TSCA14	OCIP5x-Tumor-SM-DB2JS
TSCA14	PEDS145-Tumor-SM-DB2JV
TSCA14	PEDS153-Normal-SM-DB2IU
TSCA14	PEDS154-Tumor-SM-DB2KC
TSCA14	PEDS157-Normal-SM-DB2I6
TSCA14	PEDS157-Tumor-SM-DB2II
TSCA14	PEDS157-Tumor-SM-DB2HV
TSCA14	PEDS160-Normal-SM-DB2HU
TSCA14	PEDS161-Tumor-SM-DB2KA
TSCA14	PEDS163-Tumor-SM-DB2JC
TSCA14	PEDS166-Normal-SM-DB2I5
TSCA14	PEDS167-Tumor-SM-DB2IE
TSCA14	PEDS167-Tumor-SM-DB2KF
TSCA14	PEDS172-Tumor-SM-DB2K3
TSCA14	PEDS172-Tumor-SM-DB3R7
TSCA14	PEDS172-Tumor-SM-DB2I8
TSCA14	PEDS174-Tumor-SM-DB2JD
TSCA14	PEDS175-Normal-SM-DB2IZ
TSCA14	PEDS175-Tumor-SM-DB2JN
TSCA14	PEDS176-Normal-SM-DB2J8
TSCA14	PEDS176-Tumor-SM-DB3R9
TSCA14	PEDS176-Tumor-SM-DB2JX
TSCA14	PEDS176-Tumor-SM-DB2I7
TSCA14	PEDS177-Normal-SM-DB2IV
TSCA14	PEDS186-Tumor-SM-DB2JK
TSCA14	PEDS191-Tumor-SM-DB2KD
TSCA14	PEDS192-Tumor-SM-DB2J1
TSCA14	PEDS193-Tumor-SM-DB2HY
TSCA14	PEDS194-Normal-SM-DB2IW
TSCA14	PEDS194-Tumor-SM-DB2HW
TSCA14	PEDS195-Tumor-SM-DB3R6
TSCA14	PEDS195-Tumor-SM-DB3R3
TSCA14	PEDS199-Normal-SM-DB2K9
TSCA14	PEDS199-Tumor-SM-DB2JW
TSCA14	PM860-Tumor-SM-DB2JT
TSCA14	PM860-Tumor-SM-DB2K6
TSCA14	RCRF002-Tumor-SM-DB2IH
TSCA14	RCRF003-Tumor-SM-DB2KI
TSCA14	TC002-Tumor-SM-DB2IR
TSCA14	TC005-Tumor-SM-DB2IO
TSCA14_N	AB056-Normal-SM-DB2JM
TSCA14_N	EH016-Normal-SM-DB2JP
TSCA14_N	EH019-Normal-SM-DB2J3
TSCA14_N	EH020-Normal-SM-DB2IQ
TSCA14_N	JL58-Normal-SM-DB2JJ
TSCA14_N	JL59-Normal-SM-DB2J6
TSCA14_N	JL61-Normal-SM-DB2JI
TSCA14_N	PEDS153-Normal-SM-DB2IU
TSCA14_N	PEDS157-Normal-SM-DB2I6
TSCA14_N	PEDS160-Normal-SM-DB2HU
TSCA14_N	PEDS166-Normal-SM-DB2I5
TSCA14_N	PEDS175-Normal-SM-DB2IZ
TSCA14_N	PEDS176-Normal-SM-DB2J8
TSCA14_N	PEDS177-Normal-SM-DB2IV
TSCA14_N	PEDS194-Normal-SM-DB2IW
TSCA14_N	PEDS199-Normal-SM-DB2K9
TSCA14_T	AB035-Tumor-SM-DB3R5
TSCA14_T	AB055-Tumor-SM-DB2IN
TSCA14_T	AB056-Tumor-SM-DB2JY
TSCA14_T	AB057-Tumor-SM-DB3R2
TSCA14_T	BT1009-Tumor-SM-DB2HZ
TSCA14_T	BT1010-Tumor-SM-DB2K1
TSCA14_T	BT1011-Tumor-SM-DB2HX
TSCA14_T	BT1012-Tumor-SM-DB2IA
TSCA14_T	BT1015-Tumor-SM-DB2IM
TSCA14_T	BT1016-Tumor-SM-DB2IY
TSCA14_T	BT1018-Tumor-SM-DB2IX
TSCA14_T	BT1019-Tumor-SM-DB2JB
TSCA14_T	BT1022-Tumor-SM-DB2JE
TSCA14_T	BT1023-Tumor-SM-DB2J2
TSCA14_T	BT924-Tumor-SM-DB2JA
TSCA14_T	BT924-Tumor-SM-DB2ID
TSCA14_T	BT953-Tumor-SM-DB2K2
TSCA14_T	BT961-Tumor-SM-DB2I9
TSCA14_T	BT987-Tumor-SM-DB2IL
TSCA14_T	CO001-Tumor-SM-DB2JH
TSCA14_T	CO002-Tumor-SM-DB2KH
TSCA14_T	CO003-Tumor-SM-DB2J5
TSCA14_T	CO005-Tumor-SM-DB2IS
TSCA14_T	CO007-Tumor-SM-DB2IG
TSCA14_T	CO008-Tumor-SM-DB2I4
TSCA14_T	CO008-Tumor-SM-DB3R8
TSCA14_T	CY011-Tumor-SM-DB2IB
TSCA14_T	DW019-Tumor-SM-DB2KG
TSCA14_T	DW020-Tumor-SM-DB2IK
TSCA14_T	DW036-Tumor-SM-DB2K4
TSCA14_T	DW038-Tumor-SM-DB2I3
TSCA14_T	DW039-Tumor-SM-DB2IF
TSCA14_T	EH017-Tumor-SM-DB2JO
TSCA14_T	EH018-Tumor-SM-DB3R1
TSCA14_T	EH019-Tumor-SM-DB3RA
TSCA14_T	EH020-Tumor-SM-DB3R4
TSCA14_T	HG001-Tumor-SM-DB2I2
TSCA14_T	HG002-Tumor-SM-DB2IP
TSCA14_T	HG002-Tumor-SM-DB2JZ
TSCA14_T	JL56-Tumor-SM-DB2HT
TSCA14_T	JL57-Tumor-SM-DB2K7
TSCA14_T	JL58-Tumor-SM-DB2J7
TSCA14_T	JL58-Tumor-SM-DB2K8
TSCA14_T	JL60-Tumor-SM-DB2JU
TSCA14_T	JL61-Tumor-SM-DB2IT
TSCA14_T	LAN6-Tumor-SM-DB2K5
TSCA14_T	NCIH2135H2135-Tumor-SM-DB2JG
TSCA14_T	NCIH847H847-Tumor-SM-DB2J4
TSCA14_T	OCIP5x-Tumor-SM-DB2JS
TSCA14_T	PEDS145-Tumor-SM-DB2JV
TSCA14_T	PEDS154-Tumor-SM-DB2KC
TSCA14_T	PEDS157-Tumor-SM-DB2II
TSCA14_T	PEDS157-Tumor-SM-DB2HV
TSCA14_T	PEDS161-Tumor-SM-DB2KA
TSCA14_T	PEDS163-Tumor-SM-DB2JC
TSCA14_T	PEDS167-Tumor-SM-DB2IE
TSCA14_T	PEDS167-Tumor-SM-DB2KF
TSCA14_T	PEDS172-Tumor-SM-DB2K3
TSCA14_T	PEDS172-Tumor-SM-DB3R7
TSCA14_T	PEDS172-Tumor-SM-DB2I8
TSCA14_T	PEDS174-Tumor-SM-DB2JD
TSCA14_T	PEDS175-Tumor-SM-DB2JN
TSCA14_T	PEDS176-Tumor-SM-DB3R9
TSCA14_T	PEDS176-Tumor-SM-DB2JX
TSCA14_T	PEDS176-Tumor-SM-DB2I7
TSCA14_T	PEDS186-Tumor-SM-DB2JK
TSCA14_T	PEDS191-Tumor-SM-DB2KD
TSCA14_T	PEDS192-Tumor-SM-DB2J1
TSCA14_T	PEDS193-Tumor-SM-DB2HY
TSCA14_T	PEDS194-Tumor-SM-DB2HW
TSCA14_T	PEDS195-Tumor-SM-DB3R6
TSCA14_T	PEDS195-Tumor-SM-DB3R3
TSCA14_T	PEDS199-Tumor-SM-DB2JW
TSCA14_T	PM860-Tumor-SM-DB2JT
TSCA14_T	PM860-Tumor-SM-DB2K6
TSCA14_T	RCRF002-Tumor-SM-DB2IH
TSCA14_T	RCRF003-Tumor-SM-DB2KI
TSCA14_T	TC002-Tumor-SM-DB2IR
TSCA14_T	TC005-Tumor-SM-DB2IO
TSCA15	AA24-Tumor-SM-DHZ8W
TSCA15	AA25-Tumor-SM-DHZ99
TSCA15	AA33-Normal-SM-DHZ9L
TSCA15	AA33-Tumor-SM-DHZ9X
TSCA15	AA38-Tumor-SM-DHZ98
TSCA15	AA39-Tumor-SM-DHZAA
TSCA15	AA40-Tumor-SM-DHZ7W
TSCA15	AA42-Tumor-SM-DHZ9W
TSCA15	AA43-Tumor-SM-DHZ8K
TSCA15	AA44-Normal-SM-DHZ88
TSCA15	AA45-Tumor-SM-DHZ9K
TSCA15	AA46-Tumor-SM-DHZA9
TSCA15	AA47-Tumor-SM-DHZ7V
TSCA15	AB058-Tumor-SM-DHZ6B
TSCA15	BICR78-Tumor-SM-DHZ79
TSCA15	BT1008-Tumor-SM-DHZ75
TSCA15	BT1008-Tumor-SM-DHZ5R
TSCA15	BT1009-Tumor-SM-DHZ7D
TSCA15	BT1009-Tumor-SM-DHZ71
TSCA15	BT1011-Tumor-SM-DHZ5F
TSCA15	BT1012-Tumor-SM-DHZ95
TSCA15	BT1019-Tumor-SM-DHZ6G
TSCA15	BT1019-Tumor-SM-DHZ5S
TSCA15	BT1033-Tumor-SM-DHZ7C
TSCA15	BT1035-Tumor-SM-DHZ4Y
TSCA15	BT1037-Tumor-SM-DHZ5B
TSCA15	BT1038-Tumor-SM-DHZ5N
TSCA15	BT1042-Tumor-SM-DHZ64
TSCA15	BT1044-Tumor-SM-DHZ52
TSCA15	BT952-Tumor-SM-DHZ5A
TSCA15	BT987-Tumor-SM-DHZ7B
TSCA15	BT987-Tumor-SM-DHZ5G
TSCA15	BT990-Tumor-SM-DHZ6Z
TSCA15	BT992-Tumor-SM-DHZ7H
TSCA15	CY002-Tumor-SM-DHZ5D
TSCA15	CY004-Tumor-SM-DHZ73
TSCA15	CY006-Tumor-SM-DHZ62
TSCA15	DW020-Tumor-SM-DHZ7A
TSCA15	DW020-Tumor-SM-DHZ5W
TSCA15	DW041-Tumor-SM-DHZ66
TSCA15	DW041-Tumor-SM-DHZ5C
TSCA15	EH014-Tumor-SM-DHZ54
TSCA15	EH016-Normal-SM-DHZ5K
TSCA15	EH016-Normal-SM-DHZ5Q
TSCA15	EH016-Normal-SM-DHZ61
TSCA15	EH016-Normal-SM-DHZ69
TSCA15	EH017-Tumor-SM-DHZ63
TSCA15	EH018-Tumor-SM-DHZ9H
TSCA15	EH019-Normal-SM-DHZ8I
TSCA15	EH019-Tumor-SM-DHZ9T
TSCA15	EH019-Tumor-SM-DHZ7S
TSCA15	EH019-Tumor-SM-DHZA6
TSCA15	EH020-Normal-SM-DHZ8U
TSCA15	EH020-Tumor-SM-DHZ85
TSCA15	EH020-Tumor-SM-DHZ8H
TSCA15	EH020-Tumor-SM-DHZ8T
TSCA15	EH021-Normal-SM-DHZ9J
TSCA15	EH021-Normal-SM-DHZ4X
TSCA15	EH021-Tumor-SM-DHZ9I
TSCA15	EH021-Tumor-SM-DHZ9U
TSCA15	EH021-Tumor-SM-DHZ96
TSCA15	EH021-Tumor-SM-DHZ6Y
TSCA15	EH022-Normal-SM-DHZ97
TSCA15	EH022-Normal-SM-DHZ6N
TSCA15	EH022-Tumor-SM-DHZA7
TSCA15	EH022-Tumor-SM-DHZ5O
TSCA15	EH023-Tumor-SM-DHZ7T
TSCA15	EH023-Tumor-SM-DHZ86
TSCA15	GG001-Normal-SM-DHZ8L
TSCA15	GG001-Tumor-SM-DHZ89
TSCA15	GG002-Normal-SM-DHZ8X
TSCA15	GG003-Tumor-SM-DHZ9A
TSCA15	GG004-Normal-SM-DHZ9Y
TSCA15	GG004-Tumor-SM-DHZ9M
TSCA15	HG001-Tumor-SM-DHZ5L
TSCA15	HG002-Tumor-SM-DHZ4W
TSCA15	HG003-Tumor-SM-DHZ59
TSCA15	HG005-Tumor-SM-DHZ5Z
TSCA15	HG005-Tumor-SM-DHZ5X
TSCA15	HG006-Tumor-SM-DHZ6M
TSCA15	HG011-Tumor-SM-DHZ4Z
TSCA15	JL56-Tumor-SM-DHZ6A
TSCA15	JL59-Normal-SM-DHZ6R
TSCA15	JL59-Normal-SM-DHZ6D
TSCA15	JL62-Normal-SM-DHZ6L
TSCA15	JL62-Tumor-SM-DHZ6X
TSCA15	JOPACA1-Tumor-SM-DHZ5I
TSCA15	CCLF_KL1001-Tumor-SM-DHZ7G
TSCA15	CCLF_KL1002-Tumor-SM-DHZ5E
TSCA15	LAN2-Tumor-SM-DHZ6W
TSCA15	MDAMB330-Tumor-SM-DHZ78
TSCA15	PACADD119-Tumor-SM-DHZ6U
TSCA15	PACADD135-Tumor-SM-DHZ77
TSCA15	PACADD137-Tumor-SM-DHZ7K
TSCA15	PACADD159-Tumor-SM-DHZ67
TSCA15	PACADD161-Tumor-SM-DHZ6V
TSCA15	PACADD188-Tumor-SM-DHZ5V
TSCA15	CCLF_PEDS1002-Normal-SM-DHZ7F
TSCA15	CCLF_PEDS1002-Tumor-SM-DHZ5P
TSCA15	CCLF_PEDS1003-Tumor-SM-DHZ6Q
TSCA15	CCLF_PEDS1003-Tumor-SM-DHZ6H
TSCA15	CCLF_PEDS1003-Tumor-SM-DHZ6E
TSCA15	CCLF_PEDS1003-Tumor-SM-DHZ74
TSCA15	CCLF_PEDS1004-Tumor-SM-DHZ76
TSCA15	CCLF_PEDS1005-Tumor-SM-DHZ6I
TSCA15	PEDS162-Normal-SM-DHZ7Y
TSCA15	PEDS167-Tumor-SM-DHZA3
TSCA15	PEDS178-Tumor-SM-DHZ8G
TSCA15	PEDS178-Tumor-SM-DHZ8S
TSCA15	PEDS178-Tumor-SM-DHZ9S
TSCA15	PEDS179-Normal-SM-DHZ8Z
TSCA15	PEDS179-Normal-SM-DHZ7N
TSCA15	PEDS179-Tumor-SM-DHZ91
TSCA15	PEDS179-Tumor-SM-DHZA8
TSCA15	PEDS182-Normal-SM-DHZ8O
TSCA15	PEDS182-Normal-SM-DHZA1
TSCA15	PEDS182-Tumor-SM-DHZ9C
TSCA15	PEDS182-Tumor-SM-DHZ8C
TSCA15	PEDS182-Tumor-SM-DHZ9D
TSCA15	PEDS182-Tumor-SM-DHZ8V
TSCA15	PEDS182-Tumor-SM-DHZA5
TSCA15	PEDS184-Tumor-SM-DHZ82
TSCA15	PEDS184-Tumor-SM-DHZ9R
TSCA15	PEDS184-Tumor-SM-DHZ7Q
TSCA15	PEDS184-Tumor-SM-DHZ9F
TSCA15	PEDS184-Tumor-SM-DHZ7P
TSCA15	PEDS184-Tumor-SM-DHZ7R
TSCA15	PEDS184-Tumor-SM-DHZ93
TSCA15	PEDS184-Tumor-SM-DHZ83
TSCA15	PEDS184-Tumor-SM-DHZ84
TSCA15	PEDS186-Tumor-SM-DHZ9Q
TSCA15	PEDS187-Tumor-SM-DHZ87
TSCA15	PEDS192-Tumor-SM-DHZ9E
TSCA15	PEDS192-Tumor-SM-DHZ9P
TSCA15	PEDS192-Tumor-SM-DHZ81
TSCA15	PEDS192-Tumor-SM-DHZA2
TSCA15	PEDS192-Tumor-SM-DHZ9G
TSCA15	PEDS194-Normal-SM-DHZ8P
TSCA15	PEDS194-Normal-SM-DHZ7O
TSCA15	PEDS194-Normal-SM-DHZ92
TSCA15	PEDS194-Normal-SM-DHZ8D
TSCA15	PEDS194-Tumor-SM-DHZA4
TSCA15	PEDS194-Tumor-SM-DHZ8Q
TSCA15	PEDS194-Tumor-SM-DHZ8F
TSCA15	PEDS195-Tumor-SM-DHZ9B
TSCA15	PEDS195-Tumor-SM-DHZ8M
TSCA15	PEDS195-Tumor-SM-DHZ8Y
TSCA15	PEDS195-Tumor-SM-DHZ8A
TSCA15	PEDS195-Tumor-SM-DHZ7L
TSCA15	PEDS195-Tumor-SM-DHZ7X
TSCA15	PEDS195-Tumor-SM-DHZ9O
TSCA15	PEDS195-Tumor-SM-DHZ7Z
TSCA15	PEDS199-Tumor-SM-DHZ8R
TSCA15	PEDS199-Tumor-SM-DHZ8E
TSCA15	PEDS199-Tumor-SM-DHZ8J
TSCA15	PEDS200-Normal-SM-DHZ9Z
TSCA15	PEDS200-Tumor-SM-DHZ7M
TSCA15	PEDS201-Tumor-SM-DHZ94
TSCA15	PEDS201-Tumor-SM-DHZ9V
TSCA15	PEDS201-Tumor-SM-DHZ7U
TSCA15	PEDS201-Tumor-SM-DHZ9N
TSCA15	PEDS203-Normal-SM-DHZ8B
TSCA15	PEDS203-Tumor-SM-DHZ8N
TSCA15	PEDS206-Normal-SM-DHZ4V
TSCA15	PEDS206-Tumor-SM-DHZ58
TSCA15	PEDS207-Normal-SM-DHZ6C
TSCA15	PEDS207-Tumor-SM-DHZ6O
TSCA15	PEDS208-Tumor-SM-DHZ6P
TSCA15	PEDS209-Normal-SM-DHZ7E
TSCA15	PEDS209-Tumor-SM-DHZ51
TSCA15	PEDS210-Tumor-SM-DHZ72
TSCA15	CCLF_RCRF004-Normal-SM-DHZ5M
TSCA15	CCLF_RCRF004-Tumor-SM-DHZ5Y
TSCA15	RO82W1-Tumor-SM-DHZ5J
TSCA15	CCLF_SS1001-Tumor-SM-DHZ5H
TSCA15	CCLF_SS1001-Tumor-SM-DHZ7I
TSCA15	CCLF_SS1001-Tumor-SM-DHZ55
TSCA15	CCLF_SS1001-Tumor-SM-DHZ5T
TSCA15	SUM149PT-Tumor-SM-DHZ6J
TSCA15	SUM159PT-Tumor-SM-DHZ5U
TSCA15	SUM229PE-Tumor-SM-DHZ57
TSCA15	SW156-Tumor-SM-DHZ56
TSCA15	TC005-Tumor-SM-DHZ65
TSCA15	TC005-Tumor-SM-DHZ6F
TSCA15	TC005-Tumor-SM-DHZ53
TSCA15	TC007-Normal-SM-DHZ6S
TSCA15	TC007-Tumor-SM-DHZ6T
TSCA15	TO14-Tumor-SM-DHZ68
TSCA15	VP229-Tumor-SM-DHZ6K
TSCA15	VP303-Tumor-SM-DHZ7J
TSCA15_N	AA33-Normal-SM-DHZ9L
TSCA15_N	AA44-Normal-SM-DHZ88
TSCA15_N	EH016-Normal-SM-DHZ5K
TSCA15_N	EH016-Normal-SM-DHZ5Q
TSCA15_N	EH016-Normal-SM-DHZ61
TSCA15_N	EH016-Normal-SM-DHZ69
TSCA15_N	EH019-Normal-SM-DHZ8I
TSCA15_N	EH020-Normal-SM-DHZ8U
TSCA15_N	EH021-Normal-SM-DHZ9J
TSCA15_N	EH021-Normal-SM-DHZ4X
TSCA15_N	EH022-Normal-SM-DHZ97
TSCA15_N	EH022-Normal-SM-DHZ6N
TSCA15_N	GG001-Normal-SM-DHZ8L
TSCA15_N	GG002-Normal-SM-DHZ8X
TSCA15_N	GG004-Normal-SM-DHZ9Y
TSCA15_N	JL59-Normal-SM-DHZ6R
TSCA15_N	JL59-Normal-SM-DHZ6D
TSCA15_N	JL62-Normal-SM-DHZ6L
TSCA15_N	CCLF_PEDS1002-Normal-SM-DHZ7F
TSCA15_N	PEDS162-Normal-SM-DHZ7Y
TSCA15_N	PEDS179-Normal-SM-DHZ8Z
TSCA15_N	PEDS179-Normal-SM-DHZ7N
TSCA15_N	PEDS182-Normal-SM-DHZ8O
TSCA15_N	PEDS182-Normal-SM-DHZA1
TSCA15_N	PEDS194-Normal-SM-DHZ8P
TSCA15_N	PEDS194-Normal-SM-DHZ7O
TSCA15_N	PEDS194-Normal-SM-DHZ92
TSCA15_N	PEDS194-Normal-SM-DHZ8D
TSCA15_N	PEDS200-Normal-SM-DHZ9Z
TSCA15_N	PEDS203-Normal-SM-DHZ8B
TSCA15_N	PEDS206-Normal-SM-DHZ4V
TSCA15_N	PEDS207-Normal-SM-DHZ6C
TSCA15_N	PEDS209-Normal-SM-DHZ7E
TSCA15_N	CCLF_RCRF004-Normal-SM-DHZ5M
TSCA15_N	TC007-Normal-SM-DHZ6S
TSCA15_T	AA24-Tumor-SM-DHZ8W
TSCA15_T	AA25-Tumor-SM-DHZ99
TSCA15_T	AA33-Tumor-SM-DHZ9X
TSCA15_T	AA38-Tumor-SM-DHZ98
TSCA15_T	AA39-Tumor-SM-DHZAA
TSCA15_T	AA40-Tumor-SM-DHZ7W
TSCA15_T	AA42-Tumor-SM-DHZ9W
TSCA15_T	AA43-Tumor-SM-DHZ8K
TSCA15_T	AA45-Tumor-SM-DHZ9K
TSCA15_T	AA46-Tumor-SM-DHZA9
TSCA15_T	AA47-Tumor-SM-DHZ7V
TSCA15_T	AB058-Tumor-SM-DHZ6B
TSCA15_T	BICR78-Tumor-SM-DHZ79
TSCA15_T	BT1008-Tumor-SM-DHZ75
TSCA15_T	BT1008-Tumor-SM-DHZ5R
TSCA15_T	BT1009-Tumor-SM-DHZ7D
TSCA15_T	BT1009-Tumor-SM-DHZ71
TSCA15_T	BT1011-Tumor-SM-DHZ5F
TSCA15_T	BT1012-Tumor-SM-DHZ95
TSCA15_T	BT1019-Tumor-SM-DHZ6G
TSCA15_T	BT1019-Tumor-SM-DHZ5S
TSCA15_T	BT1033-Tumor-SM-DHZ7C
TSCA15_T	BT1035-Tumor-SM-DHZ4Y
TSCA15_T	BT1037-Tumor-SM-DHZ5B
TSCA15_T	BT1038-Tumor-SM-DHZ5N
TSCA15_T	BT1042-Tumor-SM-DHZ64
TSCA15_T	BT1044-Tumor-SM-DHZ52
TSCA15_T	BT952-Tumor-SM-DHZ5A
TSCA15_T	BT987-Tumor-SM-DHZ7B
TSCA15_T	BT987-Tumor-SM-DHZ5G
TSCA15_T	BT990-Tumor-SM-DHZ6Z
TSCA15_T	BT992-Tumor-SM-DHZ7H
TSCA15_T	CY002-Tumor-SM-DHZ5D
TSCA15_T	CY004-Tumor-SM-DHZ73
TSCA15_T	CY006-Tumor-SM-DHZ62
TSCA15_T	DW020-Tumor-SM-DHZ7A
TSCA15_T	DW020-Tumor-SM-DHZ5W
TSCA15_T	DW041-Tumor-SM-DHZ66
TSCA15_T	DW041-Tumor-SM-DHZ5C
TSCA15_T	EH014-Tumor-SM-DHZ54
TSCA15_T	EH017-Tumor-SM-DHZ63
TSCA15_T	EH018-Tumor-SM-DHZ9H
TSCA15_T	EH019-Tumor-SM-DHZ9T
TSCA15_T	EH019-Tumor-SM-DHZ7S
TSCA15_T	EH019-Tumor-SM-DHZA6
TSCA15_T	EH020-Tumor-SM-DHZ85
TSCA15_T	EH020-Tumor-SM-DHZ8H
TSCA15_T	EH020-Tumor-SM-DHZ8T
TSCA15_T	EH021-Tumor-SM-DHZ9I
TSCA15_T	EH021-Tumor-SM-DHZ9U
TSCA15_T	EH021-Tumor-SM-DHZ96
TSCA15_T	EH021-Tumor-SM-DHZ6Y
TSCA15_T	EH022-Tumor-SM-DHZA7
TSCA15_T	EH022-Tumor-SM-DHZ5O
TSCA15_T	EH023-Tumor-SM-DHZ7T
TSCA15_T	EH023-Tumor-SM-DHZ86
TSCA15_T	GG001-Tumor-SM-DHZ89
TSCA15_T	GG003-Tumor-SM-DHZ9A
TSCA15_T	GG004-Tumor-SM-DHZ9M
TSCA15_T	HG001-Tumor-SM-DHZ5L
TSCA15_T	HG002-Tumor-SM-DHZ4W
TSCA15_T	HG003-Tumor-SM-DHZ59
TSCA15_T	HG005-Tumor-SM-DHZ5Z
TSCA15_T	HG005-Tumor-SM-DHZ5X
TSCA15_T	HG006-Tumor-SM-DHZ6M
TSCA15_T	HG011-Tumor-SM-DHZ4Z
TSCA15_T	JL56-Tumor-SM-DHZ6A
TSCA15_T	JL62-Tumor-SM-DHZ6X
TSCA15_T	JOPACA1-Tumor-SM-DHZ5I
TSCA15_T	CCLF_KL1001-Tumor-SM-DHZ7G
TSCA15_T	CCLF_KL1002-Tumor-SM-DHZ5E
TSCA15_T	LAN2-Tumor-SM-DHZ6W
TSCA15_T	MDAMB330-Tumor-SM-DHZ78
TSCA15_T	PACADD119-Tumor-SM-DHZ6U
TSCA15_T	PACADD135-Tumor-SM-DHZ77
TSCA15_T	PACADD137-Tumor-SM-DHZ7K
TSCA15_T	PACADD159-Tumor-SM-DHZ67
TSCA15_T	PACADD161-Tumor-SM-DHZ6V
TSCA15_T	PACADD188-Tumor-SM-DHZ5V
TSCA15_T	CCLF_PEDS1002-Tumor-SM-DHZ5P
TSCA15_T	CCLF_PEDS1003-Tumor-SM-DHZ6Q
TSCA15_T	CCLF_PEDS1003-Tumor-SM-DHZ6H
TSCA15_T	CCLF_PEDS1003-Tumor-SM-DHZ6E
TSCA15_T	CCLF_PEDS1003-Tumor-SM-DHZ74
TSCA15_T	CCLF_PEDS1004-Tumor-SM-DHZ76
TSCA15_T	CCLF_PEDS1005-Tumor-SM-DHZ6I
TSCA15_T	PEDS167-Tumor-SM-DHZA3
TSCA15_T	PEDS178-Tumor-SM-DHZ8G
TSCA15_T	PEDS178-Tumor-SM-DHZ8S
TSCA15_T	PEDS178-Tumor-SM-DHZ9S
TSCA15_T	PEDS179-Tumor-SM-DHZ91
TSCA15_T	PEDS179-Tumor-SM-DHZA8
TSCA15_T	PEDS182-Tumor-SM-DHZ9C
TSCA15_T	PEDS182-Tumor-SM-DHZ8C
TSCA15_T	PEDS182-Tumor-SM-DHZ9D
TSCA15_T	PEDS182-Tumor-SM-DHZ8V
TSCA15_T	PEDS182-Tumor-SM-DHZA5
TSCA15_T	PEDS184-Tumor-SM-DHZ82
TSCA15_T	PEDS184-Tumor-SM-DHZ9R
TSCA15_T	PEDS184-Tumor-SM-DHZ7Q
TSCA15_T	PEDS184-Tumor-SM-DHZ9F
TSCA15_T	PEDS184-Tumor-SM-DHZ7P
TSCA15_T	PEDS184-Tumor-SM-DHZ7R
TSCA15_T	PEDS184-Tumor-SM-DHZ93
TSCA15_T	PEDS184-Tumor-SM-DHZ83
TSCA15_T	PEDS184-Tumor-SM-DHZ84
TSCA15_T	PEDS186-Tumor-SM-DHZ9Q
TSCA15_T	PEDS187-Tumor-SM-DHZ87
TSCA15_T	PEDS192-Tumor-SM-DHZ9E
TSCA15_T	PEDS192-Tumor-SM-DHZ9P
TSCA15_T	PEDS192-Tumor-SM-DHZ81
TSCA15_T	PEDS192-Tumor-SM-DHZA2
TSCA15_T	PEDS192-Tumor-SM-DHZ9G
TSCA15_T	PEDS194-Tumor-SM-DHZA4
TSCA15_T	PEDS194-Tumor-SM-DHZ8Q
TSCA15_T	PEDS194-Tumor-SM-DHZ8F
TSCA15_T	PEDS195-Tumor-SM-DHZ9B
TSCA15_T	PEDS195-Tumor-SM-DHZ8M
TSCA15_T	PEDS195-Tumor-SM-DHZ8Y
TSCA15_T	PEDS195-Tumor-SM-DHZ8A
TSCA15_T	PEDS195-Tumor-SM-DHZ7L
TSCA15_T	PEDS195-Tumor-SM-DHZ7X
TSCA15_T	PEDS195-Tumor-SM-DHZ9O
TSCA15_T	PEDS195-Tumor-SM-DHZ7Z
TSCA15_T	PEDS199-Tumor-SM-DHZ8R
TSCA15_T	PEDS199-Tumor-SM-DHZ8E
TSCA15_T	PEDS199-Tumor-SM-DHZ8J
TSCA15_T	PEDS200-Tumor-SM-DHZ7M
TSCA15_T	PEDS201-Tumor-SM-DHZ94
TSCA15_T	PEDS201-Tumor-SM-DHZ9V
TSCA15_T	PEDS201-Tumor-SM-DHZ7U
TSCA15_T	PEDS201-Tumor-SM-DHZ9N
TSCA15_T	PEDS203-Tumor-SM-DHZ8N
TSCA15_T	PEDS206-Tumor-SM-DHZ58
TSCA15_T	PEDS207-Tumor-SM-DHZ6O
TSCA15_T	PEDS208-Tumor-SM-DHZ6P
TSCA15_T	PEDS209-Tumor-SM-DHZ51
TSCA15_T	PEDS210-Tumor-SM-DHZ72
TSCA15_T	CCLF_RCRF004-Tumor-SM-DHZ5Y
TSCA15_T	RO82W1-Tumor-SM-DHZ5J
TSCA15_T	CCLF_SS1001-Tumor-SM-DHZ5H
TSCA15_T	CCLF_SS1001-Tumor-SM-DHZ7I
TSCA15_T	CCLF_SS1001-Tumor-SM-DHZ55
TSCA15_T	CCLF_SS1001-Tumor-SM-DHZ5T
TSCA15_T	SUM149PT-Tumor-SM-DHZ6J
TSCA15_T	SUM159PT-Tumor-SM-DHZ5U
TSCA15_T	SUM229PE-Tumor-SM-DHZ57
TSCA15_T	SW156-Tumor-SM-DHZ56
TSCA15_T	TC005-Tumor-SM-DHZ65
TSCA15_T	TC005-Tumor-SM-DHZ6F
TSCA15_T	TC005-Tumor-SM-DHZ53
TSCA15_T	TC007-Tumor-SM-DHZ6T
TSCA15_T	TO14-Tumor-SM-DHZ68
TSCA15_T	VP229-Tumor-SM-DHZ6K
TSCA15_T	VP303-Tumor-SM-DHZ7J
TSCA16	AB053-Tumor-SM-DNUMO
TSCA16	BT1011-Tumor-SM-DNUNI
TSCA16	BT1015-Tumor-SM-DNULF
TSCA16	BT1018-Tumor-SM-DNULG
TSCA16	BT1037-Tumor-SM-DNUNG
TSCA16	BT1038-Tumor-SM-DNUMR
TSCA16	BT954-Tumor-SM-DO3CX
TSCA16	BT970-Tumor-SM-DNUM8
TSCA16	BT990-Tumor-SM-DO3D1
TSCA16	CCLF_PEDS1006-Tumor-SM-DNUMB
TSCA16	CCLF_PEDS1007-Normal-SM-DNULM
TSCA16	CCLF_PEDS1007-Tumor-SM-DNULY
TSCA16	CCLF_PEDS1010-Tumor-SM-DNULU
TSCA16	CCLF_PEDS1012-Tumor-SM-DNUN2
TSCA16	CCLF_PEDS1013-Tumor-SM-DNULR
TSCA16	CCLF_RCRF004-Tumor-SM-DNULL
TSCA16	CCLF_RCRF004-Tumor-SM-DNUMY
TSCA16	CCLF_RCRF004-Tumor-SM-DNUMA
TSCA16	CCLF_RCRF004-Tumor-SM-DNUMM
TSCA16	CCLF_RCRF004-Tumor-SM-DNULX
TSCA16	CCLF_RCRF1005-Normal-SM-DNUL8
TSCA16	CCLF_RCRF1005-Tumor-SM-DNUNL
TSCA16	CCLF_SS1002-Normal-SM-DNUMI
TSCA16	CCLF_SS1002-Tumor-SM-DNUNC
TSCA16	CCLF_SS1003-Tumor-SM-DNUNO
TSCA16	CCLF_SS1004-Normal-SM-DNUMG
TSCA16	CCLF_SS1004-Tumor-SM-DNUN6
TSCA16	CCLF_SS1005-Tumor-SM-DO7N1
TSCA16	CO001-Tumor-SM-DNUN1
TSCA16	CO002-Tumor-SM-DNUND
TSCA16	CO003-Tumor-SM-DNUNP
TSCA16	CO004-Tumor-SM-DNULC
TSCA16	CO005-Tumor-SM-DNULO
TSCA16	CO006-Tumor-SM-DNUM1
TSCA16	CO007-Tumor-SM-DNUMD
TSCA16	CO008-Tumor-SM-DNUMP
TSCA16	CY010-Tumor-SM-DNUN9
TSCA16	CY010-Tumor-SM-DNUMW
TSCA16	CY010-Tumor-SM-DNUMF
TSCA16	CY011-Tumor-SM-DNULH
TSCA16	CY011-Tumor-SM-DNUM6
TSCA16	CY011-Tumor-SM-DNUMJ
TSCA16	EH017-Tumor-SM-DNUM4
TSCA16	EH024-Tumor-SM-DNUL1
TSCA16	HG005-Tumor-SM-DNULV
TSCA16	HG017-Tumor-SM-DNUML
TSCA16	HG017-Tumor-SM-DNULB
TSCA16	HG018-Tumor-SM-DNUMX
TSCA16	HG018-Tumor-SM-DNUNA
TSCA16	HG019-Tumor-SM-DNULN
TSCA16	HG019-Tumor-SM-DNULZ
TSCA16	JL57-Normal-SM-DNULJ
TSCA16	JL58-Normal-SM-DNUN8
TSCA16	JL60-Tumor-SM-DNUL7
TSCA16	JL61-Normal-SM-DNUNK
TSCA16	JL61-Normal-SM-DNUMV
TSCA16	JL61-Tumor-SM-DNULD
TSCA16	JL61-Tumor-SM-DNUL2
TSCA16	PEDS021-Tumor-SM-DNUNE
TSCA16	PEDS021-Tumor-SM-DNUNM
TSCA16	PEDS021-Tumor-SM-DNUL9
TSCA16	PEDS102-Tumor-SM-DNUMN
TSCA16	PEDS171-Tumor-SM-DNULI
TSCA16	PEDS171-Tumor-SM-DNUL6
TSCA16	PEDS172-Tumor-SM-DNUM3
TSCA16	PEDS176-Normal-SM-DNUN3
TSCA16	PEDS184-Tumor-SM-DNUNJ
TSCA16	PEDS184-Tumor-SM-DNUL4
TSCA16	PEDS188-Tumor-SM-DNUL3
TSCA16	PEDS188-Tumor-SM-DNUMS
TSCA16	PEDS194-Tumor-SM-DNUM2
TSCA16	PEDS195-Tumor-SM-DNUNH
TSCA16	PEDS196-Normal-SM-DNUN7
TSCA16	PEDS196-Normal-SM-DNULT
TSCA16	PEDS196-Tumor-SM-DNUN5
TSCA16	PEDS196-Tumor-SM-DNUN4
TSCA16	PEDS197-Normal-SM-DNUM7
TSCA16	PEDS199-Normal-SM-DNULP
TSCA16	PEDS200-Normal-SM-DNUMK
TSCA16	PEDS200-Normal-SM-DNUME
TSCA16	PEDS200-Tumor-SM-DNUMU
TSCA16	PEDS200-Tumor-SM-DNUMQ
TSCA16	PEDS202-Tumor-SM-DNULK
TSCA16	PEDS202-Tumor-SM-DNUNN
TSCA16	PEDS202-Tumor-SM-DNULW
TSCA16	PEDS204-Normal-SM-DNUMZ
TSCA16	PEDS204-Tumor-SM-DO3D5
TSCA16	PEDS209-Tumor-SM-DNULE
TSCA16	PEDS209-Tumor-SM-DNULQ
TSCA16	PEDS209-Tumor-SM-DNULA
TSCA16	PEDS211-Normal-SM-DO3D4
TSCA16	PEDS211-Tumor-SM-DNUM5
TSCA16	PEDS211-Tumor-SM-DO3CZ
TSCA16	PK044-Tumor-SM-DNUMC
TSCA16	SP022-Tumor-SM-DNUMH
TSCA16_N	CCLF_PEDS1007-Normal-SM-DNULM
TSCA16_N	CCLF_RCRF1005-Normal-SM-DNUL8
TSCA16_N	CCLF_SS1002-Normal-SM-DNUMI
TSCA16_N	CCLF_SS1004-Normal-SM-DNUMG
TSCA16_N	JL57-Normal-SM-DNULJ
TSCA16_N	JL58-Normal-SM-DNUN8
TSCA16_N	JL61-Normal-SM-DNUNK
TSCA16_N	JL61-Normal-SM-DNUMV
TSCA16_N	PEDS176-Normal-SM-DNUN3
TSCA16_N	PEDS196-Normal-SM-DNUN7
TSCA16_N	PEDS196-Normal-SM-DNULT
TSCA16_N	PEDS197-Normal-SM-DNUM7
TSCA16_N	PEDS199-Normal-SM-DNULP
TSCA16_N	PEDS200-Normal-SM-DNUMK
TSCA16_N	PEDS200-Normal-SM-DNUME
TSCA16_N	PEDS204-Normal-SM-DNUMZ
TSCA16_N	PEDS211-Normal-SM-DO3D4
TSCA16_T	AB053-Tumor-SM-DNUMO
TSCA16_T	BT1011-Tumor-SM-DNUNI
TSCA16_T	BT1015-Tumor-SM-DNULF
TSCA16_T	BT1018-Tumor-SM-DNULG
TSCA16_T	BT1037-Tumor-SM-DNUNG
TSCA16_T	BT1038-Tumor-SM-DNUMR
TSCA16_T	BT954-Tumor-SM-DO3CX
TSCA16_T	BT970-Tumor-SM-DNUM8
TSCA16_T	BT990-Tumor-SM-DO3D1
TSCA16_T	CCLF_PEDS1006-Tumor-SM-DNUMB
TSCA16_T	CCLF_PEDS1007-Tumor-SM-DNULY
TSCA16_T	CCLF_PEDS1010-Tumor-SM-DNULU
TSCA16_T	CCLF_PEDS1012-Tumor-SM-DNUN2
TSCA16_T	CCLF_PEDS1013-Tumor-SM-DNULR
TSCA16_T	CCLF_RCRF004-Tumor-SM-DNULL
TSCA16_T	CCLF_RCRF004-Tumor-SM-DNUMY
TSCA16_T	CCLF_RCRF004-Tumor-SM-DNUMA
TSCA16_T	CCLF_RCRF004-Tumor-SM-DNUMM
TSCA16_T	CCLF_RCRF004-Tumor-SM-DNULX
TSCA16_T	CCLF_RCRF1005-Tumor-SM-DNUNL
TSCA16_T	CCLF_SS1002-Tumor-SM-DNUNC
TSCA16_T	CCLF_SS1003-Tumor-SM-DNUNO
TSCA16_T	CCLF_SS1004-Tumor-SM-DNUN6
TSCA16_T	CCLF_SS1005-Tumor-SM-DO7N1
TSCA16_T	CO001-Tumor-SM-DNUN1
TSCA16_T	CO002-Tumor-SM-DNUND
TSCA16_T	CO003-Tumor-SM-DNUNP
TSCA16_T	CO004-Tumor-SM-DNULC
TSCA16_T	CO005-Tumor-SM-DNULO
TSCA16_T	CO006-Tumor-SM-DNUM1
TSCA16_T	CO007-Tumor-SM-DNUMD
TSCA16_T	CO008-Tumor-SM-DNUMP
TSCA16_T	CY010-Tumor-SM-DNUN9
TSCA16_T	CY010-Tumor-SM-DNUMW
TSCA16_T	CY010-Tumor-SM-DNUMF
TSCA16_T	CY011-Tumor-SM-DNULH
TSCA16_T	CY011-Tumor-SM-DNUM6
TSCA16_T	CY011-Tumor-SM-DNUMJ
TSCA16_T	EH017-Tumor-SM-DNUM4
TSCA16_T	EH024-Tumor-SM-DNUL1
TSCA16_T	HG005-Tumor-SM-DNULV
TSCA16_T	HG017-Tumor-SM-DNUML
TSCA16_T	HG017-Tumor-SM-DNULB
TSCA16_T	HG018-Tumor-SM-DNUMX
TSCA16_T	HG018-Tumor-SM-DNUNA
TSCA16_T	HG019-Tumor-SM-DNULN
TSCA16_T	HG019-Tumor-SM-DNULZ
TSCA16_T	JL60-Tumor-SM-DNUL7
TSCA16_T	JL61-Tumor-SM-DNULD
TSCA16_T	JL61-Tumor-SM-DNUL2
TSCA16_T	PEDS021-Tumor-SM-DNUNE
TSCA16_T	PEDS021-Tumor-SM-DNUNM
TSCA16_T	PEDS021-Tumor-SM-DNUL9
TSCA16_T	PEDS102-Tumor-SM-DNUMN
TSCA16_T	PEDS171-Tumor-SM-DNULI
TSCA16_T	PEDS171-Tumor-SM-DNUL6
TSCA16_T	PEDS172-Tumor-SM-DNUM3
TSCA16_T	PEDS184-Tumor-SM-DNUNJ
TSCA16_T	PEDS184-Tumor-SM-DNUL4
TSCA16_T	PEDS188-Tumor-SM-DNUL3
TSCA16_T	PEDS188-Tumor-SM-DNUMS
TSCA16_T	PEDS194-Tumor-SM-DNUM2
TSCA16_T	PEDS195-Tumor-SM-DNUNH
TSCA16_T	PEDS196-Tumor-SM-DNUN5
TSCA16_T	PEDS196-Tumor-SM-DNUN4
TSCA16_T	PEDS200-Tumor-SM-DNUMU
TSCA16_T	PEDS200-Tumor-SM-DNUMQ
TSCA16_T	PEDS202-Tumor-SM-DNULK
TSCA16_T	PEDS202-Tumor-SM-DNUNN
TSCA16_T	PEDS202-Tumor-SM-DNULW
TSCA16_T	PEDS204-Tumor-SM-DO3D5
TSCA16_T	PEDS209-Tumor-SM-DNULE
TSCA16_T	PEDS209-Tumor-SM-DNULQ
TSCA16_T	PEDS209-Tumor-SM-DNULA
TSCA16_T	PEDS211-Tumor-SM-DNUM5
TSCA16_T	PEDS211-Tumor-SM-DO3CZ
TSCA16_T	PK044-Tumor-SM-DNUMC
TSCA16_T	SP022-Tumor-SM-DNUMH
TSCA17	AA38-Tumor-SM-E7S17
TSCA17	AA42-Tumor-SM-E7S2I
TSCA17	AA45-Tumor-SM-E7RZ5
TSCA17	AA47-Tumor-SM-E7S1J
TSCA17	AA49-Tumor-SM-E7S1V
TSCA17	AB053-Tumor-SM-E7S1O
TSCA17	AB053-Tumor-SM-E7S1C
TSCA17	AB058-Tumor-SM-E7RZU
TSCA17	BT1038-Tumor-SM-E7S2P
TSCA17	BT970-Tumor-SM-E7RZC
TSCA17	CCLF_JL1001-Normal-SM-E7S2K
TSCA17	CCLF_JL1001-Tumor-SM-E7RZ7
TSCA17	CCLF_JL1002-Tumor-SM-E7RZJ
TSCA17	CCLF_KL1014-Tumor-SM-E7RZV
TSCA17	CCLF_Kl1015-Tumor-SM-E7S18
TSCA17	CCLF_Kl1016-Tumor-SM-E7S1K
TSCA17	CCLF_KL1017-Tumor-SM-E7S1W
TSCA17	CCLF_KL1019-Tumor-SM-E7S29
TSCA17	CCLF_KL1020-Tumor-SM-E7S2L
TSCA17	CCLF_KL1021-Tumor-SM-E7RZ8
TSCA17	CCLF_KL1022-Tumor-SM-E7RZK
TSCA17	CCLF_KL1023-Tumor-SM-E7RZW
TSCA17	CCLF_KL1024-Tumor-SM-E7S19
TSCA17	CCLF_KL1025-Tumor-SM-E7S1L
TSCA17	CCLF_PEDS1004-Tumor-SM-E7S16
TSCA17	CCLF_PEDS1004-Tumor-SM-E7RZ1
TSCA17	CCLF_PEDS1005-Tumor-SM-E7S1I
TSCA17	CCLF_PEDS1006-Tumor-SM-E7RZP
TSCA17	CCLF_PEDS1006-Tumor-SM-E7RZD
TSCA17	CCLF_PEDS1006-Tumor-SM-E7RZY
TSCA17	CCLF_PEDS1007-Normal-SM-E7S12
TSCA17	CCLF_PEDS1007-Normal-SM-E7S1E
TSCA17	CCLF_PEDS1008-Normal-SM-E7S1Q
TSCA17	CCLF_PEDS1008-Normal-SM-E7S23
TSCA17	CCLF_PEDS1008-Tumor-SM-E7S2F
TSCA17	CCLF_PEDS1008-Tumor-SM-E7RZ2
TSCA17	CCLF_PEDS1010-Tumor-SM-E7S1U
TSCA17	CCLF_PEDS1010-Tumor-SM-E7S27
TSCA17	CCLF_PEDS1011-Normal-SM-E7RZE
TSCA17	CCLF_PEDS1011-Tumor-SM-E7RZQ
TSCA17	CCLF_PEDS1012-Tumor-SM-E7S13
TSCA17	CCLF_PEDS1012-Tumor-SM-E7S1F
TSCA17	CCLF_PEDS1012-Tumor-SM-E7S1R
TSCA17	CCLF_PEDS1013-Tumor-SM-E7S1N
TSCA17	CCLF_PEDS1013-Tumor-SM-E7S1B
TSCA17	CCLF_PEDS1014-Tumor-SM-E7S1X
TSCA17	CCLF_PEDS1015-Tumor-SM-E7S2M
TSCA17	CCLF_PEDS1019-Normal-SM-E7S24
TSCA17	CCLF_PEDS1019-Tumor-SM-E7S2G
TSCA17	CCLF_PEDS1020-Normal-SM-E7RZ9
TSCA17	CCLF_PEDS1020-Tumor-SM-E7RZL
TSCA17	CCLF_PEDS1021-Normal-SM-E7RZX
TSCA17	CCLF_PEDS1021-Tumor-SM-E7S1A
TSCA17	CCLF_PEDS1022-Normal-SM-E7RZ3
TSCA17	CCLF_PEDS1022-Tumor-SM-E7RZF
TSCA17	CCLF_RCRF1007-Normal-SM-E7S1M
TSCA17	CCLF_RCRF1007-Tumor-SM-E7S1Y
TSCA17	CCLF_SS1003-Normal-SM-E7S2A
TSCA17	CCLF_SS1005-Normal-SM-E7S1G
TSCA17	CCLF_SS1006-Normal-SM-E7RZR
TSCA17	CCLF_SS1006-Tumor-SM-E7S14
TSCA17	CO001-Tumor-SM-E7RZZ
TSCA17	CO004-Tumor-SM-E7RZO
TSCA17	CO006-Tumor-SM-E7S2O
TSCA17	CO006-Tumor-SM-E7S2C
TSCA17	CO007-Tumor-SM-E7RZN
TSCA17	CO007-Tumor-SM-E7RZB
TSCA17	HG019-Tumor-SM-E7RZH
TSCA17	HG019-Tumor-SM-E7RZT
TSCA17	JB003-Tumor-SM-E7S2J
TSCA17	JL62-Tumor-SM-E7RZ6
TSCA17	PEDS171-Tumor-SM-E7S11
TSCA17	PEDS187-Normal-SM-E7S1S
TSCA17	PEDS191-Normal-SM-E7S25
TSCA17	PEDS194-Tumor-SM-E7S1D
TSCA17	PEDS195-Tumor-SM-E7S2H
TSCA17	PEDS195-Tumor-SM-E7S28
TSCA17	PEDS196-Tumor-SM-E7RZA
TSCA17	PEDS199-Normal-SM-E7S1P
TSCA17	PEDS204-Tumor-SM-E7RZM
TSCA17	PEDS204-Tumor-SM-E7S2N
TSCA17	PEDS207-Normal-SM-E7RZ4
TSCA17	PEDS207-Tumor-SM-E7S1Z
TSCA17	PEDS207-Tumor-SM-E7RZG
TSCA17	PEDS207-Tumor-SM-E7RZI
TSCA17	PEDS208-Tumor-SM-E7S15
TSCA17	PEDS208-Tumor-SM-E7RZS
TSCA17	PEDS209-Normal-SM-E7S1H
TSCA17	PEDS211-Normal-SM-E7S1T
TSCA17	PEDS211-Tumor-SM-E7S22
TSCA17	PEDS211-Tumor-SM-E7S2E
TSCA17	PEDS222-Normal-SM-E7S2B
TSCA17	SP022-Tumor-SM-E7S21
TSCA17	SP022-Tumor-SM-E7S2D
TSCA17	TC008-Tumor-SM-E7S26
TSCA17_N	CCLF_JL1001-Normal-SM-E7S2K
TSCA17_N	CCLF_PEDS1007-Normal-SM-E7S12
TSCA17_N	CCLF_PEDS1007-Normal-SM-E7S1E
TSCA17_N	CCLF_PEDS1008-Normal-SM-E7S1Q
TSCA17_N	CCLF_PEDS1008-Normal-SM-E7S23
TSCA17_N	CCLF_PEDS1011-Normal-SM-E7RZE
TSCA17_N	CCLF_PEDS1019-Normal-SM-E7S24
TSCA17_N	CCLF_PEDS1020-Normal-SM-E7RZ9
TSCA17_N	CCLF_PEDS1021-Normal-SM-E7RZX
TSCA17_N	CCLF_PEDS1022-Normal-SM-E7RZ3
TSCA17_N	CCLF_RCRF1007-Normal-SM-E7S1M
TSCA17_N	CCLF_SS1003-Normal-SM-E7S2A
TSCA17_N	CCLF_SS1005-Normal-SM-E7S1G
TSCA17_N	CCLF_SS1006-Normal-SM-E7RZR
TSCA17_N	PEDS187-Normal-SM-E7S1S
TSCA17_N	PEDS191-Normal-SM-E7S25
TSCA17_N	PEDS199-Normal-SM-E7S1P
TSCA17_N	PEDS207-Normal-SM-E7RZ4
TSCA17_N	PEDS209-Normal-SM-E7S1H
TSCA17_N	PEDS211-Normal-SM-E7S1T
TSCA17_N	PEDS222-Normal-SM-E7S2B
TSCA17_T	AA38-Tumor-SM-E7S17
TSCA17_T	AA42-Tumor-SM-E7S2I
TSCA17_T	AA45-Tumor-SM-E7RZ5
TSCA17_T	AA47-Tumor-SM-E7S1J
TSCA17_T	AA49-Tumor-SM-E7S1V
TSCA17_T	AB053-Tumor-SM-E7S1O
TSCA17_T	AB053-Tumor-SM-E7S1C
TSCA17_T	AB058-Tumor-SM-E7RZU
TSCA17_T	BT1038-Tumor-SM-E7S2P
TSCA17_T	BT970-Tumor-SM-E7RZC
TSCA17_T	CCLF_JL1001-Tumor-SM-E7RZ7
TSCA17_T	CCLF_JL1002-Tumor-SM-E7RZJ
TSCA17_T	CCLF_KL1014-Tumor-SM-E7RZV
TSCA17_T	CCLF_Kl1015-Tumor-SM-E7S18
TSCA17_T	CCLF_Kl1016-Tumor-SM-E7S1K
TSCA17_T	CCLF_KL1017-Tumor-SM-E7S1W
TSCA17_T	CCLF_KL1019-Tumor-SM-E7S29
TSCA17_T	CCLF_KL1020-Tumor-SM-E7S2L
TSCA17_T	CCLF_KL1021-Tumor-SM-E7RZ8
TSCA17_T	CCLF_KL1022-Tumor-SM-E7RZK
TSCA17_T	CCLF_KL1023-Tumor-SM-E7RZW
TSCA17_T	CCLF_KL1024-Tumor-SM-E7S19
TSCA17_T	CCLF_KL1025-Tumor-SM-E7S1L
TSCA17_T	CCLF_PEDS1004-Tumor-SM-E7S16
TSCA17_T	CCLF_PEDS1004-Tumor-SM-E7RZ1
TSCA17_T	CCLF_PEDS1005-Tumor-SM-E7S1I
TSCA17_T	CCLF_PEDS1006-Tumor-SM-E7RZP
TSCA17_T	CCLF_PEDS1006-Tumor-SM-E7RZD
TSCA17_T	CCLF_PEDS1006-Tumor-SM-E7RZY
TSCA17_T	CCLF_PEDS1008-Tumor-SM-E7S2F
TSCA17_T	CCLF_PEDS1008-Tumor-SM-E7RZ2
TSCA17_T	CCLF_PEDS1010-Tumor-SM-E7S1U
TSCA17_T	CCLF_PEDS1010-Tumor-SM-E7S27
TSCA17_T	CCLF_PEDS1011-Tumor-SM-E7RZQ
TSCA17_T	CCLF_PEDS1012-Tumor-SM-E7S13
TSCA17_T	CCLF_PEDS1012-Tumor-SM-E7S1F
TSCA17_T	CCLF_PEDS1012-Tumor-SM-E7S1R
TSCA17_T	CCLF_PEDS1013-Tumor-SM-E7S1N
TSCA17_T	CCLF_PEDS1013-Tumor-SM-E7S1B
TSCA17_T	CCLF_PEDS1014-Tumor-SM-E7S1X
TSCA17_T	CCLF_PEDS1015-Tumor-SM-E7S2M
TSCA17_T	CCLF_PEDS1019-Tumor-SM-E7S2G
TSCA17_T	CCLF_PEDS1020-Tumor-SM-E7RZL
TSCA17_T	CCLF_PEDS1021-Tumor-SM-E7S1A
TSCA17_T	CCLF_PEDS1022-Tumor-SM-E7RZF
TSCA17_T	CCLF_RCRF1007-Tumor-SM-E7S1Y
TSCA17_T	CCLF_SS1006-Tumor-SM-E7S14
TSCA17_T	CO001-Tumor-SM-E7RZZ
TSCA17_T	CO004-Tumor-SM-E7RZO
TSCA17_T	CO006-Tumor-SM-E7S2O
TSCA17_T	CO006-Tumor-SM-E7S2C
TSCA17_T	CO007-Tumor-SM-E7RZN
TSCA17_T	CO007-Tumor-SM-E7RZB
TSCA17_T	HG019-Tumor-SM-E7RZH
TSCA17_T	HG019-Tumor-SM-E7RZT
TSCA17_T	JB003-Tumor-SM-E7S2J
TSCA17_T	JL62-Tumor-SM-E7RZ6
TSCA17_T	PEDS171-Tumor-SM-E7S11
TSCA17_T	PEDS194-Tumor-SM-E7S1D
TSCA17_T	PEDS195-Tumor-SM-E7S2H
TSCA17_T	PEDS195-Tumor-SM-E7S28
TSCA17_T	PEDS196-Tumor-SM-E7RZA
TSCA17_T	PEDS204-Tumor-SM-E7RZM
TSCA17_T	PEDS204-Tumor-SM-E7S2N
TSCA17_T	PEDS207-Tumor-SM-E7S1Z
TSCA17_T	PEDS207-Tumor-SM-E7RZG
TSCA17_T	PEDS207-Tumor-SM-E7RZI
TSCA17_T	PEDS208-Tumor-SM-E7S15
TSCA17_T	PEDS208-Tumor-SM-E7RZS
TSCA17_T	PEDS211-Tumor-SM-E7S22
TSCA17_T	PEDS211-Tumor-SM-E7S2E
TSCA17_T	SP022-Tumor-SM-E7S21
TSCA17_T	SP022-Tumor-SM-E7S2D
TSCA17_T	TC008-Tumor-SM-E7S26
TSCA18	AA49-Tumor-SM-EUVFI
TSCA18	AA53-Tumor-SM-EUVFU
TSCA18	AA55-Tumor-SM-EUVGJ
TSCA18	AA56-Tumor-SM-EUVGH
TSCA18	AA59-Tumor-SM-EUVH6
TSCA18	AB059-Tumor-SM-EUVGV
TSCA18	BT1009-Tumor-SM-EUVFS
TSCA18	BT1016-Tumor-SM-EUVG5
TSCA18	CCLF_AB1008-Tumor-SM-EUVHO
TSCA18	CCLF_JL1001-Normal-SM-EUVH5
TSCA18	CCLF_JL1001-Normal-SM-EUVFR
TSCA18	CCLF_JL1001-Tumor-SM-EUVHJ
TSCA18	CCLF_JL1001-Tumor-SM-EUVG4
TSCA18	CCLF_JL1001-Tumor-SM-EUVGS
TSCA18	CCLF_JL1001-Tumor-SM-EUVGG
TSCA18	CCLF_KL1020-Tumor-SM-EUVHV
TSCA18	CCLF_KL1026-Tumor-SM-EUVHA
TSCA18	CCLF_KL1029-Tumor-SM-EUVH9
TSCA18	CCLF_KL1030-Tumor-SM-EUVG9
TSCA18	CCLF_KL1031-Tumor-SM-EUVHY
TSCA18	CCLF_KL1032-Tumor-SM-EUVFL
TSCA18	CCLF_KL1034-Tumor-SM-EUVGW
TSCA18	CCLF_KL1035-Tumor-SM-EUVGX
TSCA18	CCLF_KL1037-Tumor-SM-EUVHM
TSCA18	CCLF_KL1040-Tumor-SM-EUVFM
TSCA18	CCLF_KL1041-Tumor-SM-EUVGB
TSCA18	CCLF_KL1053-Tumor-SM-EUVGZ
TSCA18	CCLF_NH1001-Tumor-SM-EUVG2
TSCA18	CCLF_NH1002-Tumor-SM-EUVGO
TSCA18	CCLF_NH1003-Tumor-SM-EUVGC
TSCA18	CCLF_PEDS1004-Tumor-SM-EUVHQ
TSCA18	CCLF_PEDS1005-Normal-SM-EUVG6
TSCA18	CCLF_PEDS1006-Tumor-SM-EUVHH
TSCA18	CCLF_PEDS1008-Tumor-SM-EUVH8
TSCA18	CCLF_PEDS1008-Tumor-SM-EUVI3
TSCA18	CCLF_PEDS1010-Tumor-SM-EUVFG
TSCA18	CCLF_PEDS1010-Tumor-SM-EUVHT
TSCA18	CCLF_PEDS1011-Tumor-SM-EUVHE
TSCA18	CCLF_PEDS1012-Normal-SM-EUVHI
TSCA18	CCLF_PEDS1013-Tumor-SM-EUVFF
TSCA18	CCLF_PEDS1014-Tumor-SM-EUVH7
TSCA18	CCLF_PEDS1016-Normal-SM-EUVHC
TSCA18	CCLF_PEDS1017-Normal-SM-EUVGN
TSCA18	CCLF_PEDS1018-Tumor-SM-EUVFJ
TSCA18	CCLF_PEDS1019-Normal-SM-EUVGI
TSCA18	CCLF_PEDS1021-Tumor-SM-EUVG7
TSCA18	CCLF_PEDS1021-Tumor-SM-EUVGU
TSCA18	CCLF_PEDS1024-Tumor-SM-EUVGM
TSCA18	CCLF_PEDS1025-Normal-SM-EUVG1
TSCA18	CCLF_PEDS1025-Normal-SM-EUVFO
TSCA18	CCLF_PEDS1025-Normal-SM-EUVG8
TSCA18	CCLF_PEDS1025-Tumor-SM-EUVHD
TSCA18	CCLF_PEDS1025-Tumor-SM-EUVI2
TSCA18	CCLF_PEDS1025-Tumor-SM-EUVHP
TSCA18	CCLF_PEDS1025-Tumor-SM-EUVFV
TSCA18	CCLF_PEDS1026-Normal-SM-EUVH2
TSCA18	CCLF_PEDS1026-Normal-SM-EUVHW
TSCA18	CCLF_PEDS1026-Tumor-SM-EUVGD
TSCA18	CCLF_PEDS1026-Tumor-SM-EUVGP
TSCA18	CCLF_PEDS1026-Tumor-SM-EUVHK
TSCA18	CCLF_PEDS1027-Tumor-SM-EUVFW
TSCA18	CCLF_PEDS1028-Tumor-SM-EUVI1
TSCA18	CCLF_PEDS1029-Normal-SM-EUVH1
TSCA18	CCLF_PEDS1029-Tumor-SM-EUVFZ
TSCA18	CCLF_RCRF1006-Tumor-SM-EUVGA
TSCA18	CCLF_RCRF1008-Tumor-SM-EUVFN
TSCA18	COLO001-Tumor-SM-EUVGL
TSCA18	COLO002-Tumor-SM-EUVGK
TSCA18	COLO006-Tumor-SM-EUVHN
TSCA18	COLO007-Tumor-SM-EUVGE
TSCA18	COLO007-Tumor-SM-EUVGQ
TSCA18	COLO007-Tumor-SM-EUVGY
TSCA18	COLO008-Tumor-SM-EUVFY
TSCA18	CY012-Tumor-SM-EUVHZ
TSCA18	CY014-Tumor-SM-EUVFP
TSCA18	DW047-Tumor-SM-EUVHL
TSCA18	DW048-Tumor-SM-EUVFK
TSCA18	DW049-Tumor-SM-EUVHX
TSCA18	EH024-Tumor-SM-EUVGT
TSCA18	EW012-Tumor-SM-EUVFX
TSCA18	HG017-Tumor-SM-EUVH3
TSCA18	ICC10-Tumor-SM-EUVHG
TSCA18	ICC13-Tumor-SM-EUVHS
TSCA18	ICC1-Tumor-SM-EUVHF
TSCA18	ICC2-Tumor-SM-EUVHR
TSCA18	ICC3-Tumor-SM-EUVI4
TSCA18	ICC4-Tumor-SM-EUVFQ
TSCA18	ICC5-Tumor-SM-EUVG3
TSCA18	ICC6-Tumor-SM-EUVGF
TSCA18	ICC7-Tumor-SM-EUVGR
TSCA18	ICC8-Tumor-SM-EUVH4
TSCA18	SP025-Tumor-SM-EUVFH
TSCA18	SP025-Tumor-SM-EUVHU
TSCA18	SP025-Tumor-SM-EUVFT
TSCA18	TC010-Tumor-SM-EUVHB
TSCA18_N	CCLF_JL1001-Normal-SM-EUVH5
TSCA18_N	CCLF_JL1001-Normal-SM-EUVFR
TSCA18_N	CCLF_PEDS1005-Normal-SM-EUVG6
TSCA18_N	CCLF_PEDS1012-Normal-SM-EUVHI
TSCA18_N	CCLF_PEDS1016-Normal-SM-EUVHC
TSCA18_N	CCLF_PEDS1017-Normal-SM-EUVGN
TSCA18_N	CCLF_PEDS1019-Normal-SM-EUVGI
TSCA18_N	CCLF_PEDS1025-Normal-SM-EUVG1
TSCA18_N	CCLF_PEDS1025-Normal-SM-EUVFO
TSCA18_N	CCLF_PEDS1025-Normal-SM-EUVG8
TSCA18_N	CCLF_PEDS1026-Normal-SM-EUVH2
TSCA18_N	CCLF_PEDS1026-Normal-SM-EUVHW
TSCA18_N	CCLF_PEDS1029-Normal-SM-EUVH1
TSCA18_T	AA49-Tumor-SM-EUVFI
TSCA18_T	AA53-Tumor-SM-EUVFU
TSCA18_T	AA55-Tumor-SM-EUVGJ
TSCA18_T	AA56-Tumor-SM-EUVGH
TSCA18_T	AA59-Tumor-SM-EUVH6
TSCA18_T	AB059-Tumor-SM-EUVGV
TSCA18_T	BT1009-Tumor-SM-EUVFS
TSCA18_T	BT1016-Tumor-SM-EUVG5
TSCA18_T	CCLF_AB1008-Tumor-SM-EUVHO
TSCA18_T	CCLF_JL1001-Tumor-SM-EUVHJ
TSCA18_T	CCLF_JL1001-Tumor-SM-EUVG4
TSCA18_T	CCLF_JL1001-Tumor-SM-EUVGS
TSCA18_T	CCLF_JL1001-Tumor-SM-EUVGG
TSCA18_T	CCLF_KL1020-Tumor-SM-EUVHV
TSCA18_T	CCLF_KL1026-Tumor-SM-EUVHA
TSCA18_T	CCLF_KL1029-Tumor-SM-EUVH9
TSCA18_T	CCLF_KL1030-Tumor-SM-EUVG9
TSCA18_T	CCLF_KL1031-Tumor-SM-EUVHY
TSCA18_T	CCLF_KL1032-Tumor-SM-EUVFL
TSCA18_T	CCLF_KL1034-Tumor-SM-EUVGW
TSCA18_T	CCLF_KL1035-Tumor-SM-EUVGX
TSCA18_T	CCLF_KL1037-Tumor-SM-EUVHM
TSCA18_T	CCLF_KL1040-Tumor-SM-EUVFM
TSCA18_T	CCLF_KL1041-Tumor-SM-EUVGB
TSCA18_T	CCLF_KL1053-Tumor-SM-EUVGZ
TSCA18_T	CCLF_NH1001-Tumor-SM-EUVG2
TSCA18_T	CCLF_NH1002-Tumor-SM-EUVGO
TSCA18_T	CCLF_NH1003-Tumor-SM-EUVGC
TSCA18_T	CCLF_PEDS1004-Tumor-SM-EUVHQ
TSCA18_T	CCLF_PEDS1006-Tumor-SM-EUVHH
TSCA18_T	CCLF_PEDS1008-Tumor-SM-EUVH8
TSCA18_T	CCLF_PEDS1008-Tumor-SM-EUVI3
TSCA18_T	CCLF_PEDS1010-Tumor-SM-EUVFG
TSCA18_T	CCLF_PEDS1010-Tumor-SM-EUVHT
TSCA18_T	CCLF_PEDS1011-Tumor-SM-EUVHE
TSCA18_T	CCLF_PEDS1013-Tumor-SM-EUVFF
TSCA18_T	CCLF_PEDS1014-Tumor-SM-EUVH7
TSCA18_T	CCLF_PEDS1018-Tumor-SM-EUVFJ
TSCA18_T	CCLF_PEDS1021-Tumor-SM-EUVG7
TSCA18_T	CCLF_PEDS1021-Tumor-SM-EUVGU
TSCA18_T	CCLF_PEDS1024-Tumor-SM-EUVGM
TSCA18_T	CCLF_PEDS1025-Tumor-SM-EUVHD
TSCA18_T	CCLF_PEDS1025-Tumor-SM-EUVI2
TSCA18_T	CCLF_PEDS1025-Tumor-SM-EUVHP
TSCA18_T	CCLF_PEDS1025-Tumor-SM-EUVFV
TSCA18_T	CCLF_PEDS1026-Tumor-SM-EUVGD
TSCA18_T	CCLF_PEDS1026-Tumor-SM-EUVGP
TSCA18_T	CCLF_PEDS1026-Tumor-SM-EUVHK
TSCA18_T	CCLF_PEDS1027-Tumor-SM-EUVFW
TSCA18_T	CCLF_PEDS1028-Tumor-SM-EUVI1
TSCA18_T	CCLF_PEDS1029-Tumor-SM-EUVFZ
TSCA18_T	CCLF_RCRF1006-Tumor-SM-EUVGA
TSCA18_T	CCLF_RCRF1008-Tumor-SM-EUVFN
TSCA18_T	COLO001-Tumor-SM-EUVGL
TSCA18_T	COLO002-Tumor-SM-EUVGK
TSCA18_T	COLO006-Tumor-SM-EUVHN
TSCA18_T	COLO007-Tumor-SM-EUVGE
TSCA18_T	COLO007-Tumor-SM-EUVGQ
TSCA18_T	COLO007-Tumor-SM-EUVGY
TSCA18_T	COLO008-Tumor-SM-EUVFY
TSCA18_T	CY012-Tumor-SM-EUVHZ
TSCA18_T	CY014-Tumor-SM-EUVFP
TSCA18_T	DW047-Tumor-SM-EUVHL
TSCA18_T	DW048-Tumor-SM-EUVFK
TSCA18_T	DW049-Tumor-SM-EUVHX
TSCA18_T	EH024-Tumor-SM-EUVGT
TSCA18_T	EW012-Tumor-SM-EUVFX
TSCA18_T	HG017-Tumor-SM-EUVH3
TSCA18_T	ICC10-Tumor-SM-EUVHG
TSCA18_T	ICC13-Tumor-SM-EUVHS
TSCA18_T	ICC1-Tumor-SM-EUVHF
TSCA18_T	ICC2-Tumor-SM-EUVHR
TSCA18_T	ICC3-Tumor-SM-EUVI4
TSCA18_T	ICC4-Tumor-SM-EUVFQ
TSCA18_T	ICC5-Tumor-SM-EUVG3
TSCA18_T	ICC6-Tumor-SM-EUVGF
TSCA18_T	ICC7-Tumor-SM-EUVGR
TSCA18_T	ICC8-Tumor-SM-EUVH4
TSCA18_T	SP025-Tumor-SM-EUVFH
TSCA18_T	SP025-Tumor-SM-EUVHU
TSCA18_T	SP025-Tumor-SM-EUVFT
TSCA18_T	TC010-Tumor-SM-EUVHB
TSCA19	AA66-Tumor-SM-F29RQ
TSCA19	AB053-Tumor-SM-F29RR
TSCA19	CCLF_AA1003-Tumor-SM-F29RS
TSCA19	CCLF_AA1005-Tumor-SM-F29RT
TSCA19	CCLF_AA1008-Tumor-SM-F29RU
TSCA19	CCLF_AB1008-Tumor-SM-F29RV
TSCA19	CCLF_JL1002-Tumor-SM-F29RW
TSCA19	CCLF_JL1002-Tumor-SM-F29RX
TSCA19	CCLF_KL1006-Tumor-SM-F29RY
TSCA19	CCLF_KL1017-Tumor-SM-F29S1
TSCA19	CCLF_KL1017-Tumor-SM-F29RZ
TSCA19	CCLF_NH1003-Tumor-SM-F29S2
TSCA19	CCLF_NH1004-Tumor-SM-F29S3
TSCA19	CCLF_NH1005-Tumor-SM-F29S4
TSCA19	CCLF_PEDS1011-Tumor-SM-F29S5
TSCA19	CCLF_PEDS1023-Normal-SM-F29S6
TSCA19	CCLF_PEDS1023-Tumor-SM-F29S7
TSCA19	CCLF_PEDS1025-Normal-SM-F29S8
TSCA19	CCLF_PEDS1025-Tumor-SM-F29S9
TSCA19	CCLF_PEDS1031-Tumor-SM-F29SA
TSCA19	CCLF_PEDS1032-Tumor-SM-F29SB
TSCA19	CCLF_PEDS1033-Normal-SM-F29SD
TSCA19	CCLF_PEDS1033-Normal-SM-F29SC
TSCA19	CCLF_PEDS1033-Tumor-SM-F29SF
TSCA19	CCLF_PEDS1033-Tumor-SM-F29SE
TSCA19	CCLF_PEDS1035-Normal-SM-F29SH
TSCA19	CCLF_PEDS1035-Normal-SM-F29SG
TSCA19	CCLF_PEDS1035-Tumor-SM-F29SI
TSCA19	CCLF_PEDS1035-Tumor-SM-F29SJ
TSCA19	CCLF_PEDS1036-Tumor-SM-F29SK
TSCA19	CCLF_SS1008-Normal-SM-F29SL
TSCA19	CCLF_SS1008-Tumor-SM-F29SM
TSCA19	CCLF_SS1008-Tumor-SM-F29SN
TSCA19	CCLF_SS1009-Normal-SM-F29SO
TSCA19	CCLF_SS1009-Tumor-SM-F29SP
TSCA19	CSHL_PDAC_1-Tumor-SM-F29T4
TSCA19	CSHL_PDAC_10-Tumor-SM-F29TD
TSCA19	CSHL_PDAC_11-Tumor-SM-F29TE
TSCA19	CSHL_PDAC_12-Tumor-SM-F29TF
TSCA19	CSHL_PDAC_13-Tumor-SM-F29TG
TSCA19	CSHL_PDAC_14-Tumor-SM-F29TH
TSCA19	CSHL_PDAC_15-Tumor-SM-F29TI
TSCA19	CSHL_PDAC_16-Tumor-SM-F29TJ
TSCA19	CSHL_PDAC_17-Tumor-SM-F29TK
TSCA19	CSHL_PDAC_18-Tumor-SM-F29TL
TSCA19	CSHL_PDAC_19-Tumor-SM-F29TM
TSCA19	CSHL_PDAC_2-Tumor-SM-F29T5
TSCA19	CSHL_PDAC_20-Tumor-SM-F29TN
TSCA19	CSHL_PDAC_21-Tumor-SM-F29TO
TSCA19	CSHL_PDAC_22-Tumor-SM-F29TP
TSCA19	CSHL_PDAC_23-Tumor-SM-F29TQ
TSCA19	CSHL_PDAC_24-Tumor-SM-F29TR
TSCA19	CSHL_PDAC_25-Tumor-SM-F29TS
TSCA19	CSHL_PDAC_26-Tumor-SM-F29TT
TSCA19	CSHL_PDAC_27-Tumor-SM-F29TU
TSCA19	CSHL_PDAC_28-Tumor-SM-F29TV
TSCA19	CSHL_PDAC_29-Tumor-SM-F29TW
TSCA19	CSHL_PDAC_3-Tumor-SM-F29T6
TSCA19	CSHL_PDAC_30-Tumor-SM-F29TX
TSCA19	CSHL_PDAC_31-Tumor-SM-F29TZ
TSCA19	CSHL_PDAC_32-Tumor-SM-F29U1
TSCA19	CSHL_PDAC_33-Tumor-SM-F29U2
TSCA19	CSHL_PDAC_34-Tumor-SM-F29U3
TSCA19	CSHL_PDAC_34-Tumor-SM-F29U4
TSCA19	CSHL_PDAC_35-Tumor-SM-F29U5
TSCA19	CSHL_PDAC_36-Tumor-SM-F29U6
TSCA19	CSHL_PDAC_36-Tumor-SM-F29U7
TSCA19	CSHL_PDAC_36-Tumor-SM-F29U8
TSCA19	CSHL_PDAC_37-Tumor-SM-F29U9
TSCA19	CSHL_PDAC_38-Tumor-SM-F29UA
TSCA19	CSHL_PDAC_38-Tumor-SM-F29UB
TSCA19	CSHL_PDAC_38-Tumor-SM-F29UC
TSCA19	CSHL_PDAC_38-Tumor-SM-F29UD
TSCA19	CSHL_PDAC_39-Tumor-SM-F29UE
TSCA19	CSHL_PDAC_4-Tumor-SM-F29T7
TSCA19	CSHL_PDAC_40-Tumor-SM-F29UF
TSCA19	CSHL_PDAC_5-Tumor-SM-F29T8
TSCA19	CSHL_PDAC_5-Tumor-SM-F29TY
TSCA19	CSHL_PDAC_6-Tumor-SM-F29T9
TSCA19	CSHL_PDAC_7-Tumor-SM-F29TA
TSCA19	CSHL_PDAC_8-Tumor-SM-F29TB
TSCA19	CSHL_PDAC_9-Tumor-SM-F29TC
TSCA19	CY012-Tumor-SM-F29SQ
TSCA19	CY013-Tumor-SM-F29SR
TSCA19	CY015-Tumor-SM-F29ST
TSCA19	CY015-Tumor-SM-F29SS
TSCA19	DW051-Tumor-SM-F29SU
TSCA19	EH026-Normal-SM-F29SV
TSCA19	EH026-Tumor-SM-F29SW
TSCA19	EH027-Normal-SM-F29SX
TSCA19	EH027-Tumor-SM-F29SY
TSCA19	HG017-Tumor-SM-F29SZ
TSCA19	HG018-Tumor-SM-F29T1
TSCA19	JL36-Tumor-SM-F29T2
TSCA19	SP022-Tumor-SM-F29T3
TSCA19_N	CCLF_PEDS1023-Normal-SM-F29S6
TSCA19_N	CCLF_PEDS1025-Normal-SM-F29S8
TSCA19_N	CCLF_PEDS1033-Normal-SM-F29SD
TSCA19_N	CCLF_PEDS1033-Normal-SM-F29SC
TSCA19_N	CCLF_PEDS1035-Normal-SM-F29SH
TSCA19_N	CCLF_PEDS1035-Normal-SM-F29SG
TSCA19_N	CCLF_SS1008-Normal-SM-F29SL
TSCA19_N	CCLF_SS1009-Normal-SM-F29SO
TSCA19_N	EH026-Normal-SM-F29SV
TSCA19_N	EH027-Normal-SM-F29SX
TSCA19_T	AA66-Tumor-SM-F29RQ
TSCA19_T	AB053-Tumor-SM-F29RR
TSCA19_T	CCLF_AA1003-Tumor-SM-F29RS
TSCA19_T	CCLF_AA1005-Tumor-SM-F29RT
TSCA19_T	CCLF_AA1008-Tumor-SM-F29RU
TSCA19_T	CCLF_AB1008-Tumor-SM-F29RV
TSCA19_T	CCLF_JL1002-Tumor-SM-F29RW
TSCA19_T	CCLF_JL1002-Tumor-SM-F29RX
TSCA19_T	CCLF_KL1006-Tumor-SM-F29RY
TSCA19_T	CCLF_KL1017-Tumor-SM-F29S1
TSCA19_T	CCLF_KL1017-Tumor-SM-F29RZ
TSCA19_T	CCLF_NH1003-Tumor-SM-F29S2
TSCA19_T	CCLF_NH1004-Tumor-SM-F29S3
TSCA19_T	CCLF_NH1005-Tumor-SM-F29S4
TSCA19_T	CCLF_PEDS1011-Tumor-SM-F29S5
TSCA19_T	CCLF_PEDS1023-Tumor-SM-F29S7
TSCA19_T	CCLF_PEDS1025-Tumor-SM-F29S9
TSCA19_T	CCLF_PEDS1031-Tumor-SM-F29SA
TSCA19_T	CCLF_PEDS1032-Tumor-SM-F29SB
TSCA19_T	CCLF_PEDS1033-Tumor-SM-F29SF
TSCA19_T	CCLF_PEDS1033-Tumor-SM-F29SE
TSCA19_T	CCLF_PEDS1035-Tumor-SM-F29SI
TSCA19_T	CCLF_PEDS1035-Tumor-SM-F29SJ
TSCA19_T	CCLF_PEDS1036-Tumor-SM-F29SK
TSCA19_T	CCLF_SS1008-Tumor-SM-F29SM
TSCA19_T	CCLF_SS1008-Tumor-SM-F29SN
TSCA19_T	CCLF_SS1009-Tumor-SM-F29SP
TSCA19_T	CSHL_PDAC_1-Tumor-SM-F29T4
TSCA19_T	CSHL_PDAC_10-Tumor-SM-F29TD
TSCA19_T	CSHL_PDAC_11-Tumor-SM-F29TE
TSCA19_T	CSHL_PDAC_12-Tumor-SM-F29TF
TSCA19_T	CSHL_PDAC_13-Tumor-SM-F29TG
TSCA19_T	CSHL_PDAC_14-Tumor-SM-F29TH
TSCA19_T	CSHL_PDAC_15-Tumor-SM-F29TI
TSCA19_T	CSHL_PDAC_16-Tumor-SM-F29TJ
TSCA19_T	CSHL_PDAC_17-Tumor-SM-F29TK
TSCA19_T	CSHL_PDAC_18-Tumor-SM-F29TL
TSCA19_T	CSHL_PDAC_19-Tumor-SM-F29TM
TSCA19_T	CSHL_PDAC_2-Tumor-SM-F29T5
TSCA19_T	CSHL_PDAC_20-Tumor-SM-F29TN
TSCA19_T	CSHL_PDAC_21-Tumor-SM-F29TO
TSCA19_T	CSHL_PDAC_22-Tumor-SM-F29TP
TSCA19_T	CSHL_PDAC_23-Tumor-SM-F29TQ
TSCA19_T	CSHL_PDAC_24-Tumor-SM-F29TR
TSCA19_T	CSHL_PDAC_25-Tumor-SM-F29TS
TSCA19_T	CSHL_PDAC_26-Tumor-SM-F29TT
TSCA19_T	CSHL_PDAC_27-Tumor-SM-F29TU
TSCA19_T	CSHL_PDAC_28-Tumor-SM-F29TV
TSCA19_T	CSHL_PDAC_29-Tumor-SM-F29TW
TSCA19_T	CSHL_PDAC_3-Tumor-SM-F29T6
TSCA19_T	CSHL_PDAC_30-Tumor-SM-F29TX
TSCA19_T	CSHL_PDAC_31-Tumor-SM-F29TZ
TSCA19_T	CSHL_PDAC_32-Tumor-SM-F29U1
TSCA19_T	CSHL_PDAC_33-Tumor-SM-F29U2
TSCA19_T	CSHL_PDAC_34-Tumor-SM-F29U3
TSCA19_T	CSHL_PDAC_34-Tumor-SM-F29U4
TSCA19_T	CSHL_PDAC_35-Tumor-SM-F29U5
TSCA19_T	CSHL_PDAC_36-Tumor-SM-F29U6
TSCA19_T	CSHL_PDAC_36-Tumor-SM-F29U7
TSCA19_T	CSHL_PDAC_36-Tumor-SM-F29U8
TSCA19_T	CSHL_PDAC_37-Tumor-SM-F29U9
TSCA19_T	CSHL_PDAC_38-Tumor-SM-F29UA
TSCA19_T	CSHL_PDAC_38-Tumor-SM-F29UB
TSCA19_T	CSHL_PDAC_38-Tumor-SM-F29UC
TSCA19_T	CSHL_PDAC_38-Tumor-SM-F29UD
TSCA19_T	CSHL_PDAC_39-Tumor-SM-F29UE
TSCA19_T	CSHL_PDAC_4-Tumor-SM-F29T7
TSCA19_T	CSHL_PDAC_40-Tumor-SM-F29UF
TSCA19_T	CSHL_PDAC_5-Tumor-SM-F29T8
TSCA19_T	CSHL_PDAC_5-Tumor-SM-F29TY
TSCA19_T	CSHL_PDAC_6-Tumor-SM-F29T9
TSCA19_T	CSHL_PDAC_7-Tumor-SM-F29TA
TSCA19_T	CSHL_PDAC_8-Tumor-SM-F29TB
TSCA19_T	CSHL_PDAC_9-Tumor-SM-F29TC
TSCA19_T	CY012-Tumor-SM-F29SQ
TSCA19_T	CY013-Tumor-SM-F29SR
TSCA19_T	CY015-Tumor-SM-F29ST
TSCA19_T	CY015-Tumor-SM-F29SS
TSCA19_T	DW051-Tumor-SM-F29SU
TSCA19_T	EH026-Tumor-SM-F29SW
TSCA19_T	EH027-Tumor-SM-F29SY
TSCA19_T	HG017-Tumor-SM-F29SZ
TSCA19_T	HG018-Tumor-SM-F29T1
TSCA19_T	JL36-Tumor-SM-F29T2
TSCA19_T	SP022-Tumor-SM-F29T3
TSCA20	AA40-Tumor-SM-F67ES
TSCA20	AA44-Normal-SM-F67ET
TSCA20	AA55-Tumor-SM-F67F6
TSCA20	AA59-Tumor-SM-F67FV
TSCA20	BT630-Tumor-SM-F67DI
TSCA20	BT658-Tumor-SM-F67EQ
TSCA20	BT658-Tumor-SM-F67DJ
TSCA20	BT659-Tumor-SM-F67F3
TSCA20	BT659-Tumor-SM-F67FZ
TSCA20	BT671-Tumor-SM-F67ER
TSCA20	BT671-Tumor-SM-F67EB
TSCA20	BT680-Tumor-SM-F67FG
TSCA20	BT680-Tumor-SM-F67FO
TSCA20	BT682-Tumor-SM-F67FS
TSCA20	BT722-Tumor-SM-F67DN
TSCA20	BT758-Tumor-SM-F67FE
TSCA20	BT759-Tumor-SM-F67FQ
TSCA20	BT785-Tumor-SM-F67E2
TSCA20	BT841-Tumor-SM-F67EE
TSCA20	CCLF_AA1012-Tumor-SM-F67DF
TSCA20	CCLF_AA1015-Tumor-SM-F67F7
TSCA20	CCLF_AA1016-Tumor-SM-F67FJ
TSCA20	CCLF_AA1017-Tumor-SM-F67EI
TSCA20	CCLF_AB1012-Tumor-SM-F67ED
TSCA20	CCLF_AB1014-Tumor-SM-F67DS
TSCA20	CCLF_AB1015-Tumor-SM-F67E5
TSCA20	CCLF_AB1017-Tumor-SM-F67EU
TSCA20	CCLF_JL1003-Tumor-SM-F67EH
TSCA20	CCLF_KL1014-Tumor-SM-F67FD
TSCA20	CCLF_KL1058-Tumor-SM-F67FR
TSCA20	CCLF_KL1058-Tumor-SM-F67FT
TSCA20	CCLF_NB0001-Tumor-SM-F67DH
TSCA20	CCLF_NB0002-Tumor-SM-F67E6
TSCA20	CCLF_NB0003-Tumor-SM-F67DT
TSCA20	CCLF_NH1006-Tumor-SM-F67DG
TSCA20	CCLF_NH1006-Tumor-SM-F67DP
TSCA20	CCLF_PEDS1010-Tumor-SM-F67EC
TSCA20	CCLF_PEDS1019-Normal-SM-F67EO
TSCA20	CCLF_PEDS1021-Tumor-SM-F67F8
TSCA20	CCLF_PEDS1021-Tumor-SM-F67EV
TSCA20	CCLF_PEDS1022-Tumor-SM-F67DU
TSCA20	CCLF_PEDS1027-Normal-SM-F67E1
TSCA20	CCLF_PEDS1028-Tumor-SM-F67E7
TSCA20	CCLF_PEDS1029-Normal-SM-F67EJ
TSCA20	CCLF_PEDS1029-Tumor-SM-F67FP
TSCA20	CCLF_PEDS1030-Tumor-SM-F67EM
TSCA20	CCLF_PEDS1031-Tumor-SM-F67DV
TSCA20	CCLF_PEDS1031-Tumor-SM-F67E9
TSCA20	CCLF_PEDS1031-Tumor-SM-F67E8
TSCA20	CCLF_PEDS1031-Tumor-SM-F67DW
TSCA20	CCLF_PEDS1031-Tumor-SM-F67EK
TSCA20	CCLF_PEDS1031-Tumor-SM-F67DK
TSCA20	CCLF_PEDS1032-Tumor-SM-F67EY
TSCA20	CCLF_PEDS1032-Tumor-SM-F67DX
TSCA20	CCLF_PEDS1032-Tumor-SM-F67DL
TSCA20	CCLF_PEDS1033-Normal-SM-F67FB
TSCA20	CCLF_PEDS1033-Tumor-SM-F67EA
TSCA20	CCLF_PEDS1033-Tumor-SM-F67G3
TSCA20	CCLF_PEDS1033-Tumor-SM-F67FY
TSCA20	CCLF_PEDS1034-Normal-SM-F67G4
TSCA20	CCLF_PEDS1034-Tumor-SM-F67EF
TSCA20	CCLF_PEDS1035-Tumor-SM-F67DQ
TSCA20	CCLF_PEDS1036-Tumor-SM-F67F4
TSCA20	CCLF_PEDS1036-Tumor-SM-F67FM
TSCA20	CCLF_PEDS1036-Tumor-SM-F67FF
TSCA20	CCLF_PEDS1037-Normal-SM-F67FW
TSCA20	CCLF_PEDS1037-Tumor-SM-F67FK
TSCA20	CCLF_PEDS1039-Tumor-SM-F67EW
TSCA20	CCLF_PEDS1041-Tumor-SM-F67FX
TSCA20	CCLF_RCRF1009-Normal-SM-F67FU
TSCA20	CCLF_RCRF1009-Tumor-SM-F67FI
TSCA20	CCLF_SS1007-Normal-SM-F67EP
TSCA20	COLO008-Tumor-SM-F67E3
TSCA20	COLO008-Tumor-SM-F67F1
TSCA20	CY012-Tumor-SM-F67E4
TSCA20	CY012-Tumor-SM-F67F2
TSCA20	CY014-Tumor-SM-F67FH
TSCA20	CY014-Tumor-SM-F67DR
TSCA20	CY016-Tumor-SM-F67F5
TSCA20	CY017-Tumor-SM-F67EG
TSCA20	EW012-Tumor-SM-F67FN
TSCA20	EW012-Tumor-SM-F67DY
TSCA20	EW012-Tumor-SM-F67G1
TSCA20	EW012-Tumor-SM-F67EN
TSCA20	EW012-Tumor-SM-F67DZ
TSCA20	EW012-Tumor-SM-F67G2
TSCA20	EW012-Tumor-SM-F67EZ
TSCA20	EW012-Tumor-SM-F67FC
TSCA20	EW012-Tumor-SM-F67DM
TSCA20	HG017-Tumor-SM-F67DO
TSCA20	PEDS063-Normal-SM-F67EX
TSCA20	PEDS063-Tumor-SM-F67EL
TSCA20	PEDS105-Tumor-SM-F67FA
TSCA20	PEDS143-Normal-SM-F67F9
TSCA20	PEDS143-Tumor-SM-F67FL
TSCA20_N	AA44-Normal-SM-F67ET
TSCA20_N	CCLF_PEDS1019-Normal-SM-F67EO
TSCA20_N	CCLF_PEDS1027-Normal-SM-F67E1
TSCA20_N	CCLF_PEDS1029-Normal-SM-F67EJ
TSCA20_N	CCLF_PEDS1033-Normal-SM-F67FB
TSCA20_N	CCLF_PEDS1034-Normal-SM-F67G4
TSCA20_N	CCLF_PEDS1037-Normal-SM-F67FW
TSCA20_N	CCLF_RCRF1009-Normal-SM-F67FU
TSCA20_N	CCLF_SS1007-Normal-SM-F67EP
TSCA20_N	PEDS063-Normal-SM-F67EX
TSCA20_N	PEDS143-Normal-SM-F67F9
TSCA20_T	AA40-Tumor-SM-F67ES
TSCA20_T	AA55-Tumor-SM-F67F6
TSCA20_T	AA59-Tumor-SM-F67FV
TSCA20_T	BT630-Tumor-SM-F67DI
TSCA20_T	BT658-Tumor-SM-F67EQ
TSCA20_T	BT658-Tumor-SM-F67DJ
TSCA20_T	BT659-Tumor-SM-F67F3
TSCA20_T	BT659-Tumor-SM-F67FZ
TSCA20_T	BT671-Tumor-SM-F67ER
TSCA20_T	BT671-Tumor-SM-F67EB
TSCA20_T	BT680-Tumor-SM-F67FG
TSCA20_T	BT680-Tumor-SM-F67FO
TSCA20_T	BT682-Tumor-SM-F67FS
TSCA20_T	BT722-Tumor-SM-F67DN
TSCA20_T	BT758-Tumor-SM-F67FE
TSCA20_T	BT759-Tumor-SM-F67FQ
TSCA20_T	BT785-Tumor-SM-F67E2
TSCA20_T	BT841-Tumor-SM-F67EE
TSCA20_T	CCLF_AA1012-Tumor-SM-F67DF
TSCA20_T	CCLF_AA1015-Tumor-SM-F67F7
TSCA20_T	CCLF_AA1016-Tumor-SM-F67FJ
TSCA20_T	CCLF_AA1017-Tumor-SM-F67EI
TSCA20_T	CCLF_AB1012-Tumor-SM-F67ED
TSCA20_T	CCLF_AB1014-Tumor-SM-F67DS
TSCA20_T	CCLF_AB1015-Tumor-SM-F67E5
TSCA20_T	CCLF_AB1017-Tumor-SM-F67EU
TSCA20_T	CCLF_JL1003-Tumor-SM-F67EH
TSCA20_T	CCLF_KL1014-Tumor-SM-F67FD
TSCA20_T	CCLF_KL1058-Tumor-SM-F67FR
TSCA20_T	CCLF_KL1058-Tumor-SM-F67FT
TSCA20_T	CCLF_NB0001-Tumor-SM-F67DH
TSCA20_T	CCLF_NB0002-Tumor-SM-F67E6
TSCA20_T	CCLF_NB0003-Tumor-SM-F67DT
TSCA20_T	CCLF_NH1006-Tumor-SM-F67DG
TSCA20_T	CCLF_NH1006-Tumor-SM-F67DP
TSCA20_T	CCLF_PEDS1010-Tumor-SM-F67EC
TSCA20_T	CCLF_PEDS1021-Tumor-SM-F67F8
TSCA20_T	CCLF_PEDS1021-Tumor-SM-F67EV
TSCA20_T	CCLF_PEDS1022-Tumor-SM-F67DU
TSCA20_T	CCLF_PEDS1028-Tumor-SM-F67E7
TSCA20_T	CCLF_PEDS1029-Tumor-SM-F67FP
TSCA20_T	CCLF_PEDS1030-Tumor-SM-F67EM
TSCA20_T	CCLF_PEDS1031-Tumor-SM-F67DV
TSCA20_T	CCLF_PEDS1031-Tumor-SM-F67E9
TSCA20_T	CCLF_PEDS1031-Tumor-SM-F67E8
TSCA20_T	CCLF_PEDS1031-Tumor-SM-F67DW
TSCA20_T	CCLF_PEDS1031-Tumor-SM-F67EK
TSCA20_T	CCLF_PEDS1031-Tumor-SM-F67DK
TSCA20_T	CCLF_PEDS1032-Tumor-SM-F67EY
TSCA20_T	CCLF_PEDS1032-Tumor-SM-F67DX
TSCA20_T	CCLF_PEDS1032-Tumor-SM-F67DL
TSCA20_T	CCLF_PEDS1033-Tumor-SM-F67EA
TSCA20_T	CCLF_PEDS1033-Tumor-SM-F67G3
TSCA20_T	CCLF_PEDS1033-Tumor-SM-F67FY
TSCA20_T	CCLF_PEDS1034-Tumor-SM-F67EF
TSCA20_T	CCLF_PEDS1035-Tumor-SM-F67DQ
TSCA20_T	CCLF_PEDS1036-Tumor-SM-F67F4
TSCA20_T	CCLF_PEDS1036-Tumor-SM-F67FM
TSCA20_T	CCLF_PEDS1036-Tumor-SM-F67FF
TSCA20_T	CCLF_PEDS1037-Tumor-SM-F67FK
TSCA20_T	CCLF_PEDS1039-Tumor-SM-F67EW
TSCA20_T	CCLF_PEDS1041-Tumor-SM-F67FX
TSCA20_T	CCLF_RCRF1009-Tumor-SM-F67FI
TSCA20_T	COLO008-Tumor-SM-F67E3
TSCA20_T	COLO008-Tumor-SM-F67F1
TSCA20_T	CY012-Tumor-SM-F67E4
TSCA20_T	CY012-Tumor-SM-F67F2
TSCA20_T	CY014-Tumor-SM-F67FH
TSCA20_T	CY014-Tumor-SM-F67DR
TSCA20_T	CY016-Tumor-SM-F67F5
TSCA20_T	CY017-Tumor-SM-F67EG
TSCA20_T	EW012-Tumor-SM-F67FN
TSCA20_T	EW012-Tumor-SM-F67DY
TSCA20_T	EW012-Tumor-SM-F67G1
TSCA20_T	EW012-Tumor-SM-F67EN
TSCA20_T	EW012-Tumor-SM-F67DZ
TSCA20_T	EW012-Tumor-SM-F67G2
TSCA20_T	EW012-Tumor-SM-F67EZ
TSCA20_T	EW012-Tumor-SM-F67FC
TSCA20_T	EW012-Tumor-SM-F67DM
TSCA20_T	HG017-Tumor-SM-F67DO
TSCA20_T	PEDS063-Tumor-SM-F67EL
TSCA20_T	PEDS105-Tumor-SM-F67FA
TSCA20_T	PEDS143-Tumor-SM-F67FL
TSCA21	AA53-Tumor-SM-GBJ9E
TSCA21	AA55-Tumor-SM-GBJBF
TSCA21	AA56-Tumor-SM-GBJ92
TSCA21	AB059-Tumor-SM-GBJAS
TSCA21	AB059-Tumor-SM-GBJ9G
TSCA21	BT1016-Tumor-SM-GBJ9Q
TSCA21	BT1160-Tumor-SM-GBJBE
TSCA21	BT1160-Tumor-SM-GBJ9C
TSCA21	BT869-Tumor-SM-GBJ9O
TSCA21	CCLF_AA1016-Tumor-SM-GBJAG
TSCA21	CCLF_AA1019-Tumor-SM-GBJ91
TSCA21	CCLF_AA1022-Tumor-SM-GBJ9T
TSCA21	CCLF_AA1023-Tumor-SM-GBJ9H
TSCA21	CCLF_AA1024-Tumor-SM-GBJ93
TSCA21	CCLF_AA1026-Tumor-SM-GBJ9N
TSCA21	AA53-Tumor-SM-GBJAU
TSCA21	CCLF_AB1021-Tumor-SM-GBJ9P
TSCA21	CCLF_AB1022-Tumor-SM-GBJAQ
TSCA21	CCLF_AB1025-Tumor-SM-GBJBH
TSCA21	CCLF_AB1026-Tumor-SM-GBJ96
TSCA21	CCLF_JL1003-Tumor-SM-GBJB4
TSCA21	CCLF_KL1068-Tumor-SM-GBJBJ
TSCA21	CCLF_KL1073-Tumor-SM-GBJBG
TSCA21	CCLF_KL1075-Tumor-SM-GBJAR
TSCA21	CCLF_KL1076-Tumor-SM-GBJB5
TSCA21	CCLF_KL1077-Tumor-SM-GBJB7
TSCA21	CCLF_KL1100-Tumor-SM-GBJ9U
TSCA21	CCLF_KL1101-Tumor-SM-GBJ9I
TSCA21	CCLF_NH1002-Tumor-SM-GBJ9D
TSCA21	CCLF_NH1003-Tumor-SM-GBJA3
TSCA21	CCLF_NH1005-Tumor-SM-GBJ97
TSCA21	CCLF_NH1006-Tumor-SM-GBJAF
TSCA21	CCLF_PEDS1008-Tumor-SM-GBJAC
TSCA21	CCLF_PEDS1034-Tumor-SM-GBJBL
TSCA21	CCLF_PEDS1034-Tumor-SM-GBJ9K
TSCA21	CCLF_PEDS1038-Tumor-SM-GBJB1
TSCA21	CCLF_PEDS1039-Tumor-SM-GBJ98
TSCA21	CCLF_PEDS1039-Tumor-SM-GBJA8
TSCA21	CCLF_PEDS1041-Tumor-SM-GBJA9
TSCA21	CCLF_PEDS1041-Tumor-SM-GBJAL
TSCA21	CCLF_PEDS1042-Tumor-SM-GBJ9J
TSCA21	CCLF_PEDS1042-Tumor-SM-GBJAI
TSCA21	CCLF_PEDS1044-Tumor-SM-GBJ9M
TSCA21	CCLF_PEDS1045-Tumor-SM-GBJAX
TSCA21	CCLF_RCRF1009-Tumor-SM-GBJBA
TSCA21	CCLF_RCRF1009-Tumor-SM-GBJ99
TSCA21	CCLF_RCRF1009-Tumor-SM-GBJAA
TSCA21	CCLF_RCRF1009-Tumor-SM-GBJBM
TSCA21	CCLF_RCRF1009-Tumor-SM-GBJAY
TSCA21	CCLF_RCRF1009-Tumor-SM-GBJAM
TSCA21	CCLF_RCRF1009-Tumor-SM-GBJ9L
TSCA21	CCLF_RCRF1009-Tumor-SM-GBJ9X
TSCA21	CCLF_RCRF1010-Tumor-SM-GBJB3
TSCA21	CCLF_RCRF1010-Tumor-SM-GBJBB
TSCA21	CCLF_RCRF1010-Tumor-SM-GBJ9A
TSCA21	CCLF_RCRF1010-Tumor-SM-GBJBN
TSCA21	CCLF_RCRF1011-Normal-SM-GBJBC
TSCA21	CCLF_RCRF1011-Tumor-SM-GBJAZ
TSCA21	CCLF_RCRF1012-Normal-SM-GBJAN
TSCA21	CCLF_RCRF1012-Tumor-SM-GBJAB
TSCA21	CCLF_RCRF1014-Normal-SM-GBJ94
TSCA21	CCLF_RCRF1014-Tumor-SM-GBJAH
TSCA21	CCLF_RCRF1015-Normal-SM-GBJ9Z
TSCA21	CCLF_RCRF1015-Tumor-SM-GBJ9S
TSCA21	CCLF_RCRF1016-Normal-SM-GBJBK
TSCA21	CCLF_RCRF1016-Tumor-SM-GBJB8
TSCA21	CCLF_RCRF1017-Normal-SM-GBJAJ
TSCA21	CCLF_RCRF1017-Tumor-SM-GBJA7
TSCA21	COL016-Tumor-SM-GBJ9B
TSCA21	COL016-Tumor-SM-GBJBO
TSCA21	CY013-Tumor-SM-GBJBD
TSCA21	CY016-Tumor-SM-GBJ9F
TSCA21	CY016-Tumor-SM-GBJA5
TSCA21	CY017-Tumor-SM-GBJA4
TSCA21	CY018-Tumor-SM-GBJAV
TSCA21	CY019-Tumor-SM-GBJA6
TSCA21	CY020-Tumor-SM-GBJ9R
TSCA21	SUDIPGIV-Tumor-SM-GBJB2
TSCA21	SUDIPGXIII-Tumor-SM-GBJA1
TSCA21	SUDIPGXVII-Tumor-SM-GBJAD
TSCA21	SUDIPGXXV-Tumor-SM-GBJAP
TSCA21	EH028-Tumor-SM-GBJAE
TSCA21	EH029-Normal-SM-GBJAT
TSCA21	EH029-Tumor-SM-GBJB6
TSCA21	EH030-Normal-SM-GBJBI
TSCA21	EH030-Tumor-SM-GBJ95
TSCA21	JL62-Normal-SM-GBJAO
TSCA21	PEDS063-Normal-SM-GBJB9
TSCA21	PEDS063-Tumor-SM-GBJAK
TSCA21	PEDS063-Tumor-SM-GBJ9W
TSCA21	PEDS105-Normal-SM-GBJ9V
TSCA21	PEDS105-Normal-SM-GBJBP
TSCA21	PEDS142-Tumor-SM-GBJAW
TSCA21	TC011-Tumor-SM-GBJA2
TSCA21	TC012-Tumor-SM-GBJ9Y
TSCA21_N	CCLF_RCRF1011-Normal-SM-GBJBC
TSCA21_N	CCLF_RCRF1012-Normal-SM-GBJAN
TSCA21_N	CCLF_RCRF1014-Normal-SM-GBJ94
TSCA21_N	CCLF_RCRF1015-Normal-SM-GBJ9Z
TSCA21_N	CCLF_RCRF1016-Normal-SM-GBJBK
TSCA21_N	CCLF_RCRF1017-Normal-SM-GBJAJ
TSCA21_N	EH029-Normal-SM-GBJAT
TSCA21_N	EH030-Normal-SM-GBJBI
TSCA21_N	JL62-Normal-SM-GBJAO
TSCA21_N	PEDS063-Normal-SM-GBJB9
TSCA21_N	PEDS105-Normal-SM-GBJ9V
TSCA21_N	PEDS105-Normal-SM-GBJBP
TSCA21_T	AA53-Tumor-SM-GBJ9E
TSCA21_T	AA55-Tumor-SM-GBJBF
TSCA21_T	AA56-Tumor-SM-GBJ92
TSCA21_T	AB059-Tumor-SM-GBJAS
TSCA21_T	AB059-Tumor-SM-GBJ9G
TSCA21_T	BT1016-Tumor-SM-GBJ9Q
TSCA21_T	BT1160-Tumor-SM-GBJBE
TSCA21_T	BT1160-Tumor-SM-GBJ9C
TSCA21_T	BT869-Tumor-SM-GBJ9O
TSCA21_T	CCLF_AA1016-Tumor-SM-GBJAG
TSCA21_T	CCLF_AA1019-Tumor-SM-GBJ91
TSCA21_T	CCLF_AA1022-Tumor-SM-GBJ9T
TSCA21_T	CCLF_AA1023-Tumor-SM-GBJ9H
TSCA21_T	CCLF_AA1024-Tumor-SM-GBJ93
TSCA21_T	CCLF_AA1026-Tumor-SM-GBJ9N
TSCA21_T	AA53-Tumor-SM-GBJAU
TSCA21_T	CCLF_AB1021-Tumor-SM-GBJ9P
TSCA21_T	CCLF_AB1022-Tumor-SM-GBJAQ
TSCA21_T	CCLF_AB1025-Tumor-SM-GBJBH
TSCA21_T	CCLF_AB1026-Tumor-SM-GBJ96
TSCA21_T	CCLF_JL1003-Tumor-SM-GBJB4
TSCA21_T	CCLF_KL1068-Tumor-SM-GBJBJ
TSCA21_T	CCLF_KL1073-Tumor-SM-GBJBG
TSCA21_T	CCLF_KL1075-Tumor-SM-GBJAR
TSCA21_T	CCLF_KL1076-Tumor-SM-GBJB5
TSCA21_T	CCLF_KL1077-Tumor-SM-GBJB7
TSCA21_T	CCLF_KL1100-Tumor-SM-GBJ9U
TSCA21_T	CCLF_KL1101-Tumor-SM-GBJ9I
TSCA21_T	CCLF_NH1002-Tumor-SM-GBJ9D
TSCA21_T	CCLF_NH1003-Tumor-SM-GBJA3
TSCA21_T	CCLF_NH1005-Tumor-SM-GBJ97
TSCA21_T	CCLF_NH1006-Tumor-SM-GBJAF
TSCA21_T	CCLF_PEDS1008-Tumor-SM-GBJAC
TSCA21_T	CCLF_PEDS1034-Tumor-SM-GBJBL
TSCA21_T	CCLF_PEDS1034-Tumor-SM-GBJ9K
TSCA21_T	CCLF_PEDS1038-Tumor-SM-GBJB1
TSCA21_T	CCLF_PEDS1039-Tumor-SM-GBJ98
TSCA21_T	CCLF_PEDS1039-Tumor-SM-GBJA8
TSCA21_T	CCLF_PEDS1041-Tumor-SM-GBJA9
TSCA21_T	CCLF_PEDS1041-Tumor-SM-GBJAL
TSCA21_T	CCLF_PEDS1042-Tumor-SM-GBJ9J
TSCA21_T	CCLF_PEDS1042-Tumor-SM-GBJAI
TSCA21_T	CCLF_PEDS1044-Tumor-SM-GBJ9M
TSCA21_T	CCLF_PEDS1045-Tumor-SM-GBJAX
TSCA21_T	CCLF_RCRF1009-Tumor-SM-GBJBA
TSCA21_T	CCLF_RCRF1009-Tumor-SM-GBJ99
TSCA21_T	CCLF_RCRF1009-Tumor-SM-GBJAA
TSCA21_T	CCLF_RCRF1009-Tumor-SM-GBJBM
TSCA21_T	CCLF_RCRF1009-Tumor-SM-GBJAY
TSCA21_T	CCLF_RCRF1009-Tumor-SM-GBJAM
TSCA21_T	CCLF_RCRF1009-Tumor-SM-GBJ9L
TSCA21_T	CCLF_RCRF1009-Tumor-SM-GBJ9X
TSCA21_T	CCLF_RCRF1010-Tumor-SM-GBJB3
TSCA21_T	CCLF_RCRF1010-Tumor-SM-GBJBB
TSCA21_T	CCLF_RCRF1010-Tumor-SM-GBJ9A
TSCA21_T	CCLF_RCRF1010-Tumor-SM-GBJBN
TSCA21_T	CCLF_RCRF1011-Tumor-SM-GBJAZ
TSCA21_T	CCLF_RCRF1012-Tumor-SM-GBJAB
TSCA21_T	CCLF_RCRF1014-Tumor-SM-GBJAH
TSCA21_T	CCLF_RCRF1015-Tumor-SM-GBJ9S
TSCA21_T	CCLF_RCRF1016-Tumor-SM-GBJB8
TSCA21_T	CCLF_RCRF1017-Tumor-SM-GBJA7
TSCA21_T	COL016-Tumor-SM-GBJ9B
TSCA21_T	COL016-Tumor-SM-GBJBO
TSCA21_T	CY013-Tumor-SM-GBJBD
TSCA21_T	CY016-Tumor-SM-GBJ9F
TSCA21_T	CY016-Tumor-SM-GBJA5
TSCA21_T	CY017-Tumor-SM-GBJA4
TSCA21_T	CY018-Tumor-SM-GBJAV
TSCA21_T	CY019-Tumor-SM-GBJA6
TSCA21_T	CY020-Tumor-SM-GBJ9R
TSCA21_T	SUDIPGIV-Tumor-SM-GBJB2
TSCA21_T	SUDIPGXIII-Tumor-SM-GBJA1
TSCA21_T	SUDIPGXVII-Tumor-SM-GBJAD
TSCA21_T	SUDIPGXXV-Tumor-SM-GBJAP
TSCA21_T	EH028-Tumor-SM-GBJAE
TSCA21_T	EH029-Tumor-SM-GBJB6
TSCA21_T	EH030-Tumor-SM-GBJ95
TSCA21_T	PEDS063-Tumor-SM-GBJAK
TSCA21_T	PEDS063-Tumor-SM-GBJ9W
TSCA21_T	PEDS142-Tumor-SM-GBJAW
TSCA21_T	TC011-Tumor-SM-GBJA2
TSCA21_T	TC012-Tumor-SM-GBJ9Y
TSCA22	AA53-Tumor-SM-GL7LQ
TSCA22	AA61-Tumor-SM-GL7LF
TSCA22	CCLF_AA1005-Tumor-SM-GL7NT
TSCA22	CCLF_AA1005-Tumor-SM-GL7LE
TSCA22	CCLF_AA1024-Tumor-SM-GL7LL
TSCA22	CCLF_AA1001-Tumor-SM-GL7N2
TSCA22	CCLF_AA1038-Tumor-SM-GL7NJ
TSCA22	CCLF_AA1040-Tumor-SM-GL7MW
TSCA22	CCLF_AB1004-Tumor-SM-GL7M3
TSCA22	CCLF_AB1013-Tumor-SM-GL7MQ
TSCA22	CCLF_AB1016-Tumor-SM-GL7LD
TSCA22	CCLF_AB1017-Tumor-SM-GL7MG
TSCA22	CCLF_AB1018-Tumor-SM-GL7NF
TSCA22	CCLF_AB1027-Tumor-SM-GL7LO
TSCA22	CCLF_AB1028-Tumor-SM-GL7NV
TSCA22	CCLF_AB1027-Tumor-SM-GL7LI
TSCA22	CCLF_AB1030-Tumor-SM-GL7LV
TSCA22	CCLF_AB1031-Tumor-SM-GL7M8
TSCA22	CCLF_AB1032-Tumor-SM-GL7NW
TSCA22	CCLF_KL1023-Tumor-SM-GL7LG
TSCA22	CCLF_KL1051-Tumor-SM-GL7NR
TSCA22	CCLF_KL1051-Tumor-SM-GL7NH
TSCA22	CCLF_KL1058-Tumor-SM-GL7NK
TSCA22	CCLF_KL1073-Tumor-SM-GL7LP
TSCA22	CCLF_KL1075-Tumor-SM-GL7MF
TSCA22	CCLF_KL1076-Tumor-SM-GL7M7
TSCA22	CCLF_KL1077-Tumor-SM-GL7N3
TSCA22	CCLF_KL1082-Tumor-SM-GL7NP
TSCA22	CCLF_KL1089-Tumor-SM-GL7MU
TSCA22	CCLF_KL1091-Tumor-SM-GL7MP
TSCA22	CCLF_KL1094-Tumor-SM-GL7MR
TSCA22	CCLF_KL1094-Tumor-SM-GL7M6
TSCA22	CCLF_KL1095-Tumor-SM-GL7MS
TSCA22	CCLF_KL1097-Tumor-SM-GL7M4
TSCA22	CCLF_KL1103-Tumor-SM-GL7N8
TSCA22	CCLF_KL1104-Tumor-SM-GL7MV
TSCA22	CCLF_KL1107-Tumor-SM-GL7N9
TSCA22	CCLF_KL1112-Tumor-SM-GL7MJ
TSCA22	CCLF_KL1113-Tumor-SM-GL7NE
TSCA22	CCLF_KL1115-Tumor-SM-GL7LU
TSCA22	CCLF_KL1117-Tumor-SM-GL7MO
TSCA22	CCLF_KL1119-Tumor-SM-GL7N1
TSCA22	CCLF_KL1120-Tumor-SM-GL7MI
TSCA22	CCLF_KL1121-Tumor-SM-GL7O2
TSCA22	CCLF_KL1122-Tumor-SM-GL7N7
TSCA22	CCLF_KL1124-Tumor-SM-GL7ND
TSCA22	CCLF_NB1001-Tumor-SM-GL7NL
TSCA22	CCLF_PEDS1034-Tumor-SM-GL7NB
TSCA22	CCLF_PEDS1040-Normal-SM-GL7O1
TSCA22	CCLF_PEDS1040-Normal-SM-GL7MM
TSCA22	CCLF_PEDS1040-Normal-SM-GL7NC
TSCA22	CCLF_PEDS1040-Tumor-SM-GL7NN
TSCA22	CCLF_PEDS1041-Tumor-SM-GL7MA
TSCA22	CCLF_PEDS1042-Tumor-SM-GL7MN
TSCA22	CCLF_PEDS1042-Tumor-SM-GL7LY
TSCA22	CCLF_PEDS1044-Normal-SM-GL7MY
TSCA22	CCLF_PEDS1045-Tumor-SM-GL7MB
TSCA22	CCLF_PEDS1045-Tumor-SM-GL7LM
TSCA22	CCLF_PEDS1041-Tumor-SM-GL7NZ
TSCA22	CCLF_PEDS1041-Tumor-SM-GL7LZ
TSCA22	CCLF_PEDS1047-Normal-SM-GL7NO
TSCA22	CCLF_PEDS1047-Tumor-SM-GL7MZ
TSCA22	CCLF_PEDS1048-Tumor-SM-GL7LN
TSCA22	CCLF_PEDS1049-Tumor-SM-GL7LX
TSCA22	CCLF_RCRF1010-Tumor-SM-GL7MX
TSCA22	CCLF_RCRF1010-Tumor-SM-GL7NA
TSCA22	CCLF_RCRF1012-Tumor-SM-GL7MH
TSCA22	CCLF_RCRF1013-Tumor-SM-GL7LW
TSCA22	CCLF_RCRF1013-Tumor-SM-GL7M1
TSCA22	CCLF_RCRF1013-Tumor-SM-GL7ML
TSCA22	CCLF_RCRF1013-Tumor-SM-GL7M9
TSCA22	CCLF_RCRF1014-Tumor-SM-GL7NI
TSCA22	CCLF_RCRF1014-Tumor-SM-GL7LJ
TSCA22	CCLF_RCRF1015-Tumor-SM-GL7N5
TSCA22	CCLF_RCRF1015-Tumor-SM-GL7N6
TSCA22	CCLF_RCRF1015-Tumor-SM-GL7LS
TSCA22	CCLF_RCRF1018-Normal-SM-GL7LT
TSCA22	CCLF_RCRF1018-Tumor-SM-GL7LH
TSCA22	CCLF_SS1008-Tumor-SM-GL7MC
TSCA22	CCLF_SS1009-Tumor-SM-GL7NQ
TSCA22	CY014-Tumor-SM-GL7ME
TSCA22	CY018-Tumor-SM-GL7N4
TSCA22	CY018-Tumor-SM-GL7M2
TSCA22	CY020-Tumor-SM-GL7LR
TSCA22	CY020-Tumor-SM-GL7NG
TSCA22	CY021-Tumor-SM-GL7MD
TSCA22	EH031-Tumor-SM-GL7NX
TSCA22	EH032-Tumor-SM-GL7LK
TSCA22	EW012-Tumor-SM-GL7NM
TSCA22	HG018-Tumor-SM-GL7NY
TSCA22	HG018-Tumor-SM-GL7MK
TSCA22	CCLF_RCRF1014-Tumor-SM-GL7MT
TSCA22	TC011-Tumor-SM-GL7NS
TSCA22	TC011-Tumor-SM-GL7M5
TSCA22	TC013-Tumor-SM-GL7NU
TSCA22_N	CCLF_PEDS1040-Normal-SM-GL7O1
TSCA22_N	CCLF_PEDS1040-Normal-SM-GL7MM
TSCA22_N	CCLF_PEDS1040-Normal-SM-GL7NC
TSCA22_N	CCLF_PEDS1044-Normal-SM-GL7MY
TSCA22_N	CCLF_PEDS1047-Normal-SM-GL7NO
TSCA22_N	CCLF_RCRF1018-Normal-SM-GL7LT
TSCA22_T	AA53-Tumor-SM-GL7LQ
TSCA22_T	AA61-Tumor-SM-GL7LF
TSCA22_T	CCLF_AA1005-Tumor-SM-GL7NT
TSCA22_T	CCLF_AA1005-Tumor-SM-GL7LE
TSCA22_T	CCLF_AA1024-Tumor-SM-GL7LL
TSCA22_T	CCLF_AA1001-Tumor-SM-GL7N2
TSCA22_T	CCLF_AA1038-Tumor-SM-GL7NJ
TSCA22_T	CCLF_AA1040-Tumor-SM-GL7MW
TSCA22_T	CCLF_AB1004-Tumor-SM-GL7M3
TSCA22_T	CCLF_AB1013-Tumor-SM-GL7MQ
TSCA22_T	CCLF_AB1016-Tumor-SM-GL7LD
TSCA22_T	CCLF_AB1017-Tumor-SM-GL7MG
TSCA22_T	CCLF_AB1018-Tumor-SM-GL7NF
TSCA22_T	CCLF_AB1027-Tumor-SM-GL7LO
TSCA22_T	CCLF_AB1028-Tumor-SM-GL7NV
TSCA22_T	CCLF_AB1027-Tumor-SM-GL7LI
TSCA22_T	CCLF_AB1030-Tumor-SM-GL7LV
TSCA22_T	CCLF_AB1031-Tumor-SM-GL7M8
TSCA22_T	CCLF_AB1032-Tumor-SM-GL7NW
TSCA22_T	CCLF_KL1023-Tumor-SM-GL7LG
TSCA22_T	CCLF_KL1051-Tumor-SM-GL7NR
TSCA22_T	CCLF_KL1051-Tumor-SM-GL7NH
TSCA22_T	CCLF_KL1058-Tumor-SM-GL7NK
TSCA22_T	CCLF_KL1073-Tumor-SM-GL7LP
TSCA22_T	CCLF_KL1075-Tumor-SM-GL7MF
TSCA22_T	CCLF_KL1076-Tumor-SM-GL7M7
TSCA22_T	CCLF_KL1077-Tumor-SM-GL7N3
TSCA22_T	CCLF_KL1082-Tumor-SM-GL7NP
TSCA22_T	CCLF_KL1089-Tumor-SM-GL7MU
TSCA22_T	CCLF_KL1091-Tumor-SM-GL7MP
TSCA22_T	CCLF_KL1094-Tumor-SM-GL7MR
TSCA22_T	CCLF_KL1094-Tumor-SM-GL7M6
TSCA22_T	CCLF_KL1095-Tumor-SM-GL7MS
TSCA22_T	CCLF_KL1097-Tumor-SM-GL7M4
TSCA22_T	CCLF_KL1103-Tumor-SM-GL7N8
TSCA22_T	CCLF_KL1104-Tumor-SM-GL7MV
TSCA22_T	CCLF_KL1107-Tumor-SM-GL7N9
TSCA22_T	CCLF_KL1112-Tumor-SM-GL7MJ
TSCA22_T	CCLF_KL1113-Tumor-SM-GL7NE
TSCA22_T	CCLF_KL1115-Tumor-SM-GL7LU
TSCA22_T	CCLF_KL1117-Tumor-SM-GL7MO
TSCA22_T	CCLF_KL1119-Tumor-SM-GL7N1
TSCA22_T	CCLF_KL1120-Tumor-SM-GL7MI
TSCA22_T	CCLF_KL1121-Tumor-SM-GL7O2
TSCA22_T	CCLF_KL1122-Tumor-SM-GL7N7
TSCA22_T	CCLF_KL1124-Tumor-SM-GL7ND
TSCA22_T	CCLF_NB1001-Tumor-SM-GL7NL
TSCA22_T	CCLF_PEDS1034-Tumor-SM-GL7NB
TSCA22_T	CCLF_PEDS1040-Tumor-SM-GL7NN
TSCA22_T	CCLF_PEDS1041-Tumor-SM-GL7MA
TSCA22_T	CCLF_PEDS1042-Tumor-SM-GL7MN
TSCA22_T	CCLF_PEDS1042-Tumor-SM-GL7LY
TSCA22_T	CCLF_PEDS1045-Tumor-SM-GL7MB
TSCA22_T	CCLF_PEDS1045-Tumor-SM-GL7LM
TSCA22_T	CCLF_PEDS1041-Tumor-SM-GL7NZ
TSCA22_T	CCLF_PEDS1041-Tumor-SM-GL7LZ
TSCA22_T	CCLF_PEDS1047-Tumor-SM-GL7MZ
TSCA22_T	CCLF_PEDS1048-Tumor-SM-GL7LN
TSCA22_T	CCLF_PEDS1049-Tumor-SM-GL7LX
TSCA22_T	CCLF_RCRF1010-Tumor-SM-GL7MX
TSCA22_T	CCLF_RCRF1010-Tumor-SM-GL7NA
TSCA22_T	CCLF_RCRF1012-Tumor-SM-GL7MH
TSCA22_T	CCLF_RCRF1013-Tumor-SM-GL7LW
TSCA22_T	CCLF_RCRF1013-Tumor-SM-GL7M1
TSCA22_T	CCLF_RCRF1013-Tumor-SM-GL7ML
TSCA22_T	CCLF_RCRF1013-Tumor-SM-GL7M9
TSCA22_T	CCLF_RCRF1014-Tumor-SM-GL7NI
TSCA22_T	CCLF_RCRF1014-Tumor-SM-GL7LJ
TSCA22_T	CCLF_RCRF1015-Tumor-SM-GL7N5
TSCA22_T	CCLF_RCRF1015-Tumor-SM-GL7N6
TSCA22_T	CCLF_RCRF1015-Tumor-SM-GL7LS
TSCA22_T	CCLF_RCRF1018-Tumor-SM-GL7LH
TSCA22_T	CCLF_SS1008-Tumor-SM-GL7MC
TSCA22_T	CCLF_SS1009-Tumor-SM-GL7NQ
TSCA22_T	CY014-Tumor-SM-GL7ME
TSCA22_T	CY018-Tumor-SM-GL7N4
TSCA22_T	CY018-Tumor-SM-GL7M2
TSCA22_T	CY020-Tumor-SM-GL7LR
TSCA22_T	CY020-Tumor-SM-GL7NG
TSCA22_T	CY021-Tumor-SM-GL7MD
TSCA22_T	EH031-Tumor-SM-GL7NX
TSCA22_T	EH032-Tumor-SM-GL7LK
TSCA22_T	EW012-Tumor-SM-GL7NM
TSCA22_T	HG018-Tumor-SM-GL7NY
TSCA22_T	HG018-Tumor-SM-GL7MK
TSCA22_T	CCLF_RCRF1014-Tumor-SM-GL7MT
TSCA22_T	TC011-Tumor-SM-GL7NS
TSCA22_T	TC011-Tumor-SM-GL7M5
TSCA22_T	TC013-Tumor-SM-GL7NU
